,U1_CBD_Commuting_HelsinkiMedium,U5_SparseSuburb_HelsinkiMedium,U7_MicroMobility_HelsinkiMedium,U8_CongestionHotspot_HelsinkiMedium,U9_WorkdayShort_HelsinkiMedium,U11_OfficeWaitHeavyTail_HelsinkiMedium,U12_HighTimeVariance_HelsinkiMedium,C1_Campus_ClassChange,C2_ExamDay_LongStays,C3_Hackathon_24h,C4_Stadium_IngressEgress,C7_Library_Quiet,C8_EmergencyDrill_Evacuation,V1_TaxiLow_HelsinkiMedium,V2_TaxiHigh_HelsinkiMedium,V3_BusOnlyCarriers_HelsinkiMedium,V6_CarOwnership_0_HelsinkiMedium,V7_CarOwnership_100_HelsinkiMedium,R10_TinyRange_5m,R11_SpeedExtremeLow,R12_SpeedExtremeHigh,R1_Rural_RandomWaypoint,R2_VillagesTrails_ThreeClusters,R3_WildlifeTracking,R4_ParkRangers_HelsinkiMedium,R5_MountainRescue,R6_SparseLongRange,R7_SparseTinyBuffer,R8_IntermittentPower,R9_ExtremeRange_200m,D1_ShelterHotspots_Clusters,D2_PartitionedCity_MuleBridge,D3_Aftershock_ErraticMobility,D4_MedicalTriage_TwoClasses,D5_UAVMule_FastRoute_HelsinkiMedium,D6_ShortTtlCritical_5to10min,D7_HighLoad_TrafficStorm,D8_InfrastructureReturns_BackboneLinks,D9_Critical_1minTTL,S1_StrongCommunities_SeparateClusters,S2_WeakCommunities_HighMixing,S3_PeriodicMeetings_RegularRhythm,S4_RandomMixing_NoHotspots,S5_TwoLayer_StudentsStaff,S6_FamilyGroups_SmallPersistent,T10_HighRateLowSpeed_Congestion,T11_TTL_1min,T12_TTL_Infinite_Buffer200M,T13_Buffer_256k,T14_Buffer_200M,T15_TransmitSpeed_256k,T1_ManySmallMsgs_HighRate,T2_FewHugeMsgs_LowRate,T3_MixedBimodal_SmallAndLarge,T4_VeryShortTtl_5to10min,T5_VeryLongTtl_6to24h,T6_UniformSources_RandomFromTo,T7_TargetedToHubs_FewDestinations,T8_BurstTraffic_TimeWindows,T9_BufferStress_SmallBufferHighTraffic
U1_CBD_Commuting_HelsinkiMedium,1.0,0.5949607240583797,0.6558453062152494,0.800325111882587,0.6527186401922227,0.5154491311750116,0.5191407618595093,-0.19625102050719678,-0.44568652041496465,-0.2665863290076414,-0.12505847969739986,-0.41533432061116504,-0.014908300350210044,0.11796760013790222,0.2448676152502411,0.5228487162748161,0.6800216324686178,0.6207042764513313,-0.4481768359148617,-0.3101212566685168,0.22764290111486168,-0.08036510636768678,-0.05560249977086545,-0.331950090725173,-0.0726111947601365,-0.24911172721440933,-0.2453004543970809,-0.2750349013183139,-0.14325243129204862,-0.18090235777158814,-0.06997582508540795,-0.20513401321284358,-0.33069419600231215,-0.13789964646378425,0.09553353623596443,-0.1627922140109769,0.011969150203547902,-0.11640232746936824,-0.29576666385888906,0.047288519943923045,0.01584404822719097,-0.3295522574661822,-0.28357440617746404,-0.06212184493826986,-0.053693760773307474,-0.333054984385583,-0.2945860667372358,-0.16606145533543493,-0.2830553228797651,-0.18492541738502008,-0.3724288497987514,-0.24409846174578856,-0.12781659735321466,-0.21732252510073843,-0.3770255418904935,-0.466377031931703,-0.25986131933374484,-0.14325927314656506,-0.19809819013955227,-0.2923434261265642
U5_SparseSuburb_HelsinkiMedium,0.5949607240583797,1.0,0.34421581817363256,0.4158561096436073,0.4335798256598195,0.5545988746551731,0.45388485548608043,-0.20818504332385857,-0.47322705481241184,-0.252968807434239,-0.1983907037446039,-0.3832244097910494,-0.04650128217400012,0.23851400819111465,0.23150063720660394,0.5719644981794559,0.45314155891100255,0.4799743025321786,-0.31313849650927056,0.011131841424979935,0.11980276111605404,0.28737328836436876,-0.001420585945337375,-0.09040033683756592,0.07563975770587222,-0.20487117422341825,0.04591182310092138,-0.13387233028601647,-0.08268244141680188,-0.11085068388083302,-0.14522791669615895,-0.23892696710941544,-0.32533706296545845,-0.13729999292096914,0.11547387849542882,-0.2639392725125657,-0.13373017061224213,-0.16867176663599617,-0.3158745140540597,-0.05901318298769911,-0.28725356818728504,-0.47443569729111523,-0.35024197792614414,-0.2309122615392124,-0.020520768574347526,-0.2505380529969313,-0.3721575737071632,-0.0960652468790504,-0.2763967428347448,-0.17123563245600065,-0.23964320516910356,-0.33901288867285395,-0.08172627059133569,-0.15534731771477212,-0.43234464022692687,-0.4368118718963816,-0.2914001860650118,-0.12202957459575546,-0.15486726975305598,-0.32497027531949574
U7_MicroMobility_HelsinkiMedium,0.6558453062152494,0.34421581817363256,1.0,0.7881290297668557,0.7545048284459828,0.6250905558305282,0.7457523307348143,-0.16015752261577582,-0.23478764066578822,-0.20700463072802805,-0.06210791157858821,-0.3517509686632278,0.03564465952629716,-0.005700725098962499,0.08888753462104028,0.18035843992002085,0.7314915477927645,0.6322627098602445,-0.7003003792755942,-0.5708910536921639,0.08624257462338696,-0.3011692839216557,-0.17142139348121047,-0.48897696421860676,-0.31573064893944897,-0.22929452966170882,-0.2549814917475585,-0.08390085122893443,-0.16678107886415475,-0.21834649923654498,-0.0014458552724803553,-0.15017525664659165,-0.09184469550837435,-0.05500436155221834,0.038369870556336574,-0.0022025189948445263,0.01775210807196053,-0.05215453595027088,-0.12198494568227515,0.1947977657618966,0.10320947926968595,-0.11643948920484566,-0.2704764770654012,-0.011517636294207758,-0.08807699516261637,-0.16943582925498119,-0.12578912997841088,-0.41241790464585204,-0.157272673700047,-0.25417241462141965,-0.32139763153266415,-0.4087275455054409,-0.18559984061092513,-0.2656677782351272,-0.09923182730672939,-0.28889298113935585,-0.5517716510986214,-0.18730699327677547,-0.13844341364082252,-0.2689551409029195
U8_CongestionHotspot_HelsinkiMedium,0.800325111882587,0.4158561096436073,0.7881290297668557,1.0,0.7941073357241705,0.5870680714407233,0.6996106304477843,-0.18593073459178963,-0.3360612063676075,-0.2032970977356151,-0.10049055008455327,-0.40372529020027204,0.00465652778372791,0.03807043078876601,0.243517440537952,0.4930537740795433,0.7944291805183182,0.6510466045951867,-0.5440196726455024,-0.47342121447190094,0.24384620635999024,-0.2569438587358965,-0.0972563897865667,-0.42503878137840817,-0.13377990885360533,-0.1989518162999389,-0.3950846665070234,-0.267302960468411,-0.16694087589882783,-0.20846983399041255,-0.0858483904067463,-0.18935447804040317,-0.23181843183850637,-0.09456146266703075,0.0411800701768555,-0.07662355278258635,-0.04892145220345968,-0.09682580717023687,-0.1809538382739275,0.03057647036214601,0.011887593086100483,-0.15876408944930018,-0.37780999667707554,-0.12931451466101337,-0.059693934094698656,-0.45855657828476276,-0.16668000901566798,-0.18491443232699215,-0.1902727582688654,-0.10235994306202398,-0.5083169696578769,-0.2680548936081045,-0.13870184762386295,-0.24590844415360763,-0.29382119421645214,-0.38426491792080053,-0.30346007249271045,-0.17174914597731386,-0.19301633326540255,-0.40275924410344505
U9_WorkdayShort_HelsinkiMedium,0.6527186401922227,0.4335798256598195,0.7545048284459828,0.7941073357241705,1.0,0.6501552287114234,0.707474182835024,-0.1912468239053639,-0.29203124692448335,-0.20671642471283208,-0.14197605471781508,-0.3571090955300869,0.002228643606871633,0.11686221676756119,0.20099787781281703,0.43351086667864736,0.7768933889257934,0.5713065488726139,-0.6238324513147744,-0.465527788707629,0.1637166243843864,-0.20955042993850917,-0.10293966329525434,-0.40189157073006104,-0.15164055396986573,-0.21085645375917977,-0.20830530662396723,-0.1946632242031317,-0.14574216656967767,-0.20935574720083944,-0.11411679236174581,-0.23133340132104546,-0.16875522378266752,-0.07279422802341605,0.02360908492436673,-0.0984585975757151,-0.15069966913992155,-0.13529535396879824,-0.23007154370035837,0.00697315793794172,-0.11951424885165193,-0.21778633612393816,-0.49180504388260576,-0.22405322030606015,-0.058926041438926005,-0.26881700556181065,-0.1900992268194308,-0.1778569393560876,-0.23741476563013378,-0.05845542741475549,-0.29431025140442474,-0.4805947418317278,-0.1308183478023225,-0.25037915657236187,-0.2591855278720153,-0.28337386215744265,-0.48457289419486155,-0.1899456724082587,-0.14489784694193497,-0.4601836206918844
U11_OfficeWaitHeavyTail_HelsinkiMedium,0.5154491311750116,0.5545988746551731,0.6250905558305282,0.5870680714407233,0.6501552287114234,1.0,0.7076827050226465,-0.1855662507120175,-0.34112050106248615,-0.2410524221866386,-0.14647246302758582,-0.3341570038013966,-0.0061429301542842984,0.16136538409365847,0.20409878225700726,0.4391613343420559,0.5105587717494598,0.558262039803719,-0.5217380306563119,-0.3834024120375483,0.1778299798652602,-0.15330570694585982,-0.0800268552704672,-0.3544125850910391,-0.11469639484189613,-0.24031677008094912,-0.13560623750044642,-0.26771762775432556,-0.12776925441459325,-0.19850237536256143,-0.09066096052918873,-0.20793926384638692,-0.24707763131193675,-0.10099096753736067,0.04775619870723132,-0.14099467049366982,-0.09801449503543609,-0.12017694247764751,-0.33190484575365403,0.020815334421067158,-0.06145657189047376,-0.3219264806116468,-0.42212099723576024,-0.15114700572762113,-0.05353122609532369,-0.1524316622585695,-0.2859018882369757,-0.08462683344149788,-0.3375748426479019,-0.04010690767743687,-0.1561971299317378,-0.4443790650250661,-0.1430676903851311,-0.22242215783261177,-0.32101208216608906,-0.3188670465410275,-0.40700678467501283,-0.16132853728505572,-0.143477427281759,-0.38679784021442953
U12_HighTimeVariance_HelsinkiMedium,0.5191407618595093,0.45388485548608043,0.7457523307348143,0.6996106304477843,0.707474182835024,0.7076827050226465,1.0,-0.21395747126777195,-0.31894823969567865,-0.2664769870019425,-0.16963342720107996,-0.3536739790959531,-0.014753623937193728,0.20417930879023602,0.19862672252222527,0.4420514899908972,0.6833885445984209,0.6204873253869155,-0.6106911335352693,-0.46168776184108856,0.16425060218135185,-0.20110919282152873,-0.11969982771097087,-0.4156640626944925,-0.15012391252488863,-0.1907980002715294,-0.09086701890007554,-0.1716589354137768,-0.14678059605669594,-0.20993141520262332,-0.13279290769773922,-0.2426616132883346,-0.20450791265138293,-0.09039203126314788,0.018411335742623283,-0.08490622819945502,-0.11618028385806642,-0.1465424195301132,-0.28499817786130044,-0.00976495789962654,-0.10974453702465833,-0.28857216191320745,-0.47653303492196436,-0.22658413395176563,-0.07940864889395817,-0.06007707493555521,-0.18956532983477933,-0.19283808636036318,-0.27140968970371526,-0.0852527918133194,-0.08111477885504668,-0.5011845671516617,-0.15329529508809983,-0.27641861923319666,-0.20623957811312213,-0.244326454694733,-0.5350631656367605,-0.1910080048613366,-0.1370741542761335,-0.37404028677700324
C1_Campus_ClassChange,-0.19625102050719678,-0.20818504332385857,-0.16015752261577582,-0.18593073459178963,-0.1912468239053639,-0.1855662507120175,-0.21395747126777195,1.0,0.1478473151475135,0.09173457041544518,0.0006071933878290156,0.17689499337735023,0.11775047243811763,-0.1486113622682804,-0.1407103406542214,-0.2090676525508056,-0.18189931106030452,-0.1989209230269376,0.1560447631005742,0.024596826071457155,-0.025327056243545493,-0.13131991415933472,-0.06709260996761841,0.3555074983998648,-0.04037440532950302,-0.04849133000793301,-0.047972951582375994,-0.1332321927982603,-0.02293036265365573,0.021840865723973073,-0.043643193294083525,0.04819233631884666,-0.06278264755380901,-0.09361446411691347,-0.10408783060425966,-0.043328980055466364,-0.02408862255461341,-0.005759040491829648,-0.05912663384685417,-0.05149179051646078,0.1402260739172946,0.08268578008256515,0.14050214296267657,0.07115353542158062,-0.056196418396467135,0.037420864847166266,0.008800826092724541,0.05118640909306947,-0.0007197801857854213,0.0161135369571922,0.11445818903429092,0.04979425637884153,0.22277430131759549,-0.04640102711449152,0.08504269080051127,0.2015606229991067,0.13587266624633898,-0.022685543461060272,-0.08819635315580887,0.022348088360859806
C2_ExamDay_LongStays,-0.44568652041496465,-0.47322705481241184,-0.23478764066578822,-0.3360612063676075,-0.29203124692448335,-0.34112050106248615,-0.31894823969567865,0.1478473151475135,1.0,0.7450506302412611,0.022821274722803854,0.8691796021968842,0.11613902058801322,-0.3677751165632894,-0.374156907026173,-0.4977444421141754,-0.36792096268192576,-0.4386837042087302,0.30418597651266754,0.15680907690913176,-0.27598764185006947,-0.1654127180659027,-0.1197571721534761,0.4145914651086666,-0.16833721534289914,0.22640535129791803,-0.026210074287558748,0.3180501497108936,-0.011850187965124147,0.02285275697941908,-0.1778319691148155,0.05247734550901974,0.603127854692581,-0.026050328684618373,-0.3206788889932316,0.2104770665369073,-0.1809313973921967,-0.04058701098162429,0.487730649988505,-0.16422212662781505,-0.1045428466933528,0.6027667103779685,0.13717403338354622,-0.13724242442118903,-0.04187305949807468,0.10468261631248332,0.4315088616673073,0.039170892725968055,0.4255427602943024,0.21138431532346108,0.0871187950733426,0.1600579866470756,-0.004047740987543631,-0.02815974088089639,0.4666515543582916,0.48689223179741925,0.09513983419668379,-0.058091333294476986,0.0009470850055236912,0.10072871141998693
C3_Hackathon_24h,-0.2665863290076414,-0.252968807434239,-0.20700463072802805,-0.2032970977356151,-0.20671642471283208,-0.2410524221866386,-0.2664769870019425,0.09173457041544518,0.7450506302412611,1.0,-0.19709593131299916,0.6713012768530527,-0.16792394131295915,-0.23159605192202964,-0.20849518109253504,-0.25060885413317247,-0.24706887733607327,-0.2872954226011258,0.3823075027371639,0.3109325133784587,-0.1496089283447687,-0.02122348047309324,0.008375253209165946,0.5718067389650412,-0.033322896959341014,-0.28672036622453434,-0.02761405806529327,0.2146402032146999,-0.004358808642080791,-0.002842553758188383,-0.11116651768978485,0.02547492528198323,0.4435976391316979,-0.03863669168735903,-0.1736289652910649,-0.3533389816176317,-0.5361921664770153,-0.0290328704506956,0.3459694645767589,-0.0912754345530949,-0.04368140470632465,0.4177454166625179,0.21637914602644576,-0.03728469476241075,0.037620629767079895,0.008957833700289916,0.2763114341202701,0.04076087072032704,0.32005188758018616,0.08713623051434713,0.010159062053315996,0.24854526049818568,0.00818583925547012,0.0040268056937118185,0.01097723547119316,0.2833083810679455,0.20912703316533887,-0.00240674098302641,-0.010690229722998436,0.15255900459832716
C4_Stadium_IngressEgress,-0.12505847969739986,-0.1983907037446039,-0.06210791157858821,-0.10049055008455327,-0.14197605471781508,-0.14647246302758582,-0.16963342720107996,0.0006071933878290156,0.022821274722803854,-0.19709593131299916,1.0,0.038759118864467326,0.16758942866891244,-0.21812530495269405,-0.14631815078606256,-0.24024798038533624,-0.12919288922023342,-0.14117367748065254,-0.1695825039567074,-0.2239811418646468,-0.08490539296475749,-0.21081858611533977,-0.1434892197117112,-0.1792035546742467,-0.1853922813160013,0.15223841810629032,-0.1969778518966053,-0.17396678079243114,-0.05929025906251748,-0.05602603167882934,-0.05923403500884864,-0.05629971930757562,-0.11191293704385856,0.3761418815235294,-0.13780382826228335,0.23122455038431475,0.27633284935771874,0.150957573363757,-0.09257670298885627,-0.08159862574972786,0.02507667248790586,-0.028352196316753828,-0.09674043203159341,-0.0594905315679211,-0.11770319686354262,-0.1523888619732159,-0.09034516645902753,-0.061609803189815675,-0.10410585435580791,-0.047755576385382824,-0.17741384508723934,-0.05272713401911779,-0.04658235493584861,0.2343464195024381,0.06570718982713865,-0.16813033094285224,-0.08059753742231161,0.21141646793453542,0.8553525148737885,-0.11735548645029102
C7_Library_Quiet,-0.41533432061116504,-0.3832244097910494,-0.3517509686632278,-0.40372529020027204,-0.3571090955300869,-0.3341570038013966,-0.3536739790959531,0.17689499337735023,0.8691796021968842,0.6713012768530527,0.038759118864467326,1.0,0.1801809813040612,-0.23203897166472012,-0.3079524349527445,-0.3654395832851636,-0.37021143094818104,-0.38618115813947246,0.36421946980274134,0.25087875464396575,-0.19059481444854218,-0.11144830420718169,0.03750210337760317,0.4494435222855914,-0.06076557655267438,0.0012857907463701232,0.04356802075056066,0.08502065031764948,0.03133779201707602,-0.008603416161689319,-0.12365133375912343,-0.07950851084691296,0.3659987512638791,-0.10526260938072293,-0.22855334620880638,-0.022870152117689262,-0.07506182860669608,-0.15571878175805004,0.1459896663835117,-0.1692393172696482,-0.004596626630222508,0.309317274541737,0.21203957734571052,0.00739294448520847,-0.009999183407067973,0.18489687107844988,0.19007778664005906,0.13419247430318176,0.15343292579699006,0.11274817062416659,0.27055361498378494,0.20294527966817774,0.020216648475601933,0.03645394904753906,0.1915895466035258,0.28693401653109885,0.22847197557241236,-0.00841973471718708,-0.026296561106983155,0.20956699784624785
C8_EmergencyDrill_Evacuation,-0.014908300350210044,-0.04650128217400012,0.03564465952629716,0.00465652778372791,0.002228643606871633,-0.0061429301542842984,-0.014753623937193728,0.11775047243811763,0.11613902058801322,-0.16792394131295915,0.16758942866891244,0.1801809813040612,1.0,-0.007952326490778934,0.043850637443047916,-0.023341467416068313,0.01695821340305409,-0.0118163553135205,-0.2561231639526933,-0.2929882895163276,0.08793228379341643,-0.2190202858739924,-0.10239873393187134,-0.23937847084497518,-0.0998715161201083,0.07514576325697059,-0.13833981770831552,-0.2323586422843333,-0.07882322082434583,0.14485086605128084,-0.07238006354544035,-0.07476751596937227,-0.2463278926907899,-0.07238507257691928,-0.03587035628130327,0.14653242662027122,0.2133854102549071,-0.034181152250563285,-0.20767299118310692,-0.042698569900079905,0.0634954642412437,-0.16537345506857867,-0.19932123695723536,-0.11178502110273932,-0.09649827182931145,-0.06581313027930003,-0.1369665220017386,-0.08516446583411577,-0.19404332697587295,-0.06827357238951073,-0.08016608979597226,-0.12973131972539922,-0.09414849794169468,-0.13318609299643405,-0.025136500884841536,-0.22515395876515407,-0.18415198170904856,-0.08211374468943558,-0.09656415040928541,-0.15187875519788432
V1_TaxiLow_HelsinkiMedium,0.11796760013790222,0.23851400819111465,-0.005700725098962499,0.03807043078876601,0.11686221676756119,0.16136538409365847,0.20417930879023602,-0.1486113622682804,-0.3677751165632894,-0.23159605192202964,-0.21812530495269405,-0.23203897166472012,-0.007952326490778934,1.0,0.8870630761518279,0.45251642072502785,0.14161135460529697,0.1699747773809966,-0.2670416644797582,-0.1376984544811918,0.39965668135880467,0.01450924761535156,0.020381015354830886,-0.1500588941143547,0.7192440670935758,-0.189629523019845,0.14756821842126153,-0.1508951713343735,-0.019769696783709014,-0.09390647751725141,-0.205614819615589,-0.25463513675283195,-0.3540750958230412,-0.12845972064781525,0.6759535480488038,-0.255768033712731,-0.12584355239461167,-0.17494479857525563,-0.3940666871586469,-0.2070041502340252,-0.1998691744527956,-0.45909737740867,-0.32708743939404417,-0.2904187649774024,-0.08768121468380291,0.16264597547061557,-0.16465201294223997,-0.14591443441941232,-0.2537792069289322,-0.2046734388916178,0.2428792135856854,-0.228886074157828,-0.06362062004970721,-0.11512655659062428,-0.250301810866687,-0.24002442931932427,-0.3044880906718627,-0.10722561127939663,-0.11177856510140907,-0.09486654624269258
V2_TaxiHigh_HelsinkiMedium,0.2448676152502411,0.23150063720660394,0.08888753462104028,0.243517440537952,0.20099787781281703,0.20409878225700726,0.19862672252222527,-0.1407103406542214,-0.374156907026173,-0.20849518109253504,-0.14631815078606256,-0.3079524349527445,0.043850637443047916,0.8870630761518279,1.0,0.4801240651287597,0.24071980759930003,0.23527225238083105,-0.33277455797979677,-0.2952803129746993,0.5886306608595324,-0.14484258508173747,-0.0410148931315934,-0.27166209140526776,0.6538583292999349,-0.20016694969969878,-0.11946391416483754,-0.316660052717919,-0.07259259656939507,-0.0694677893287708,-0.15707103172906392,-0.19411135992217987,-0.36550919195323567,-0.11506177938340743,0.6804532237658468,-0.18926249786216204,-0.0631904517233659,-0.11526627227845793,-0.34839219086089773,-0.15586686166624908,-0.013966811293146187,-0.3491996275526095,-0.33818884159679563,-0.19109005430224146,-0.11664505031135534,-0.16715983131466897,-0.1872854061262914,-0.0653341635864879,-0.2783799321888322,-0.09253588937617294,-0.1170404677983748,-0.16319741256319042,-0.06766730398309911,-0.14065037430136185,-0.34801037419970277,-0.3437040042344002,-0.18969392694798504,-0.1144732353676727,-0.1560981135181658,-0.23944637761617932
V3_BusOnlyCarriers_HelsinkiMedium,0.5228487162748161,0.5719644981794559,0.18035843992002085,0.4930537740795433,0.43351086667864736,0.4391613343420559,0.4420514899908972,-0.2090676525508056,-0.4977444421141754,-0.25060885413317247,-0.24024798038533624,-0.3654395832851636,-0.023341467416068313,0.45251642072502785,0.4801240651287597,1.0,0.4828674230756018,0.50263942384081,-0.2788454265595941,-0.11404315628150265,0.4301472659332265,0.06834794030826315,0.10543637084980165,-0.16922126583405123,0.21877537456144616,-0.20738175680716828,-0.04958825183823591,-0.2693534705715818,-0.05811377104958007,-0.10417077411472618,-0.1835713644282453,-0.29734725257916045,-0.42752179293033893,-0.1520402443209302,0.1249647308250959,-0.3006987521797019,-0.15202468755212334,-0.21014050242172913,-0.39091346110788117,-0.18846229034937206,-0.23918218351559367,-0.45885807617634244,-0.4224756960274371,-0.2872793936707807,0.03277052704272568,-0.25139617496053535,-0.2306189438793159,-0.04418417247250923,-0.2657347008638233,-0.13167504628512752,-0.1353974954319042,-0.18317215537592477,-0.0696602191430859,-0.1357619454488291,-0.44763663176776414,-0.39149729561659413,-0.16749630320587686,-0.12654274513459335,-0.18732940702796438,-0.2860995831956781
V6_CarOwnership_0_HelsinkiMedium,0.6800216324686178,0.45314155891100255,0.7314915477927645,0.7944291805183182,0.7768933889257934,0.5105587717494598,0.6833885445984209,-0.18189931106030452,-0.36792096268192576,-0.24706887733607327,-0.12919288922023342,-0.37021143094818104,0.01695821340305409,0.14161135460529697,0.24071980759930003,0.4828674230756018,1.0,0.6413825162403416,-0.535558329311777,-0.46955230671369524,0.24379282411870803,-0.25891307286819604,-0.09665764751380429,-0.4198948821254863,-0.13316705034273305,-0.2633775124645514,-0.23100224214348936,-0.30499752565349425,-0.1436226203600224,-0.17509803387889486,-0.08264069246479643,-0.1823916491420916,-0.32655225399466753,-0.12302736972771226,0.039204881502203096,-0.14860147131678458,-0.04339315109739276,-0.09173300201774605,-0.32147150699747284,0.031031139628414105,0.015625464459856346,-0.3064011313286283,-0.35933701879137186,-0.12536910966554873,-0.057768420741450714,-0.2034137926405579,-0.24620057857532288,-0.20310414415767866,-0.3047057813826528,-0.1650098932422816,-0.24464439279236205,-0.31285138496307036,-0.151296853190058,-0.23978563924460586,-0.3107308577953937,-0.4046642968257402,-0.37795623505493237,-0.16853935693646294,-0.18405032343158353,-0.3095658524914485
V7_CarOwnership_100_HelsinkiMedium,0.6207042764513313,0.4799743025321786,0.6322627098602445,0.6510466045951867,0.5713065488726139,0.558262039803719,0.6204873253869155,-0.1989209230269376,-0.4386837042087302,-0.2872954226011258,-0.14117367748065254,-0.38618115813947246,-0.0118163553135205,0.1699747773809966,0.23527225238083105,0.50263942384081,0.6413825162403416,1.0,-0.44626197657319233,-0.3180463826452501,0.21985581107544228,-0.09351421520780444,-0.06401101441485091,-0.3368088571342355,-0.07810806301101163,-0.2584196267355475,-0.14478717300103164,-0.2922078195870273,-0.1342568472033626,-0.1597594449724701,-0.07596797246321313,-0.20139606840681473,-0.35135438817757086,-0.1434862405606882,0.0839174123651402,-0.1736191428469045,0.002545523001589329,-0.1148995115521719,-0.35947063030567905,0.038242192137948904,0.011925684402487808,-0.3857826082920993,-0.30089958549249185,-0.07266082049231348,-0.058492537822573305,-0.181309316008537,-0.3239746038153868,-0.13321145676370796,-0.34439397734752225,-0.15832275861310152,-0.2062172357160969,-0.2985915561931877,-0.13209441462004143,-0.2210517057963733,-0.3676799587928228,-0.43243662678475964,-0.3056925021684083,-0.1431472242401162,-0.18246762651004328,-0.27089683091147204
R10_TinyRange_5m,-0.4481768359148617,-0.31313849650927056,-0.7003003792755942,-0.5440196726455024,-0.6238324513147744,-0.5217380306563119,-0.6106911335352693,0.1560447631005742,0.30418597651266754,0.3823075027371639,-0.1695825039567074,0.36421946980274134,-0.2561231639526933,-0.2670416644797582,-0.33277455797979677,-0.2788454265595941,-0.535558329311777,-0.44626197657319233,1.0,0.7963100166291588,-0.1877410648271279,0.4660286383709149,-0.04493253739132113,0.648563428075629,0.12254890499445259,0.1884308705322507,0.13641275090823912,0.2731906129162785,0.133834517465863,0.06507198243511303,-0.07018625547802003,0.2890987938001271,0.25198769794365666,-0.20367563447709564,-0.1587700446703465,-0.00937837894486079,0.03068294041855519,0.07474225879818286,0.36831282693426726,-0.13710904068548707,0.10838128261948349,0.27650493950270066,0.7215377500764409,0.28804633422130443,-0.053608111826006784,0.2845251360433037,0.17166650778715614,0.32931766253041955,0.33749136020852877,0.12374757411441975,0.2653989208778227,0.7047429693677717,0.12715244624587285,0.2261516981244237,0.2129470722697531,0.29632110331940115,0.7514636910015001,0.055590459116451704,-0.10106510158306672,0.6086650707686105
R11_SpeedExtremeLow,-0.3101212566685168,0.011131841424979935,-0.5708910536921639,-0.47342121447190094,-0.465527788707629,-0.3834024120375483,-0.46168776184108856,0.024596826071457155,0.15680907690913176,0.3109325133784587,-0.2239811418646468,0.25087875464396575,-0.2929882895163276,-0.1376984544811918,-0.2952803129746993,-0.11404315628150265,-0.46955230671369524,-0.3180463826452501,0.7963100166291588,1.0,-0.30403839527559484,0.8456425093017068,0.05332676968385564,0.7976382679169814,0.20643523785875462,0.18081705346647273,0.3594043735852902,0.4480600331149875,0.08366833908963513,0.06487962229574125,-0.15315913385875576,0.0009226117688811172,0.308922744553101,-0.19618846066499906,-0.0367872117133076,-0.06620128783532793,-0.008944964653834516,-0.1378777244946862,0.315950357593747,-0.15027440608196183,-0.2029896724160878,0.09357719091246611,0.518698863977488,0.12843962285441796,-0.03682361596987911,0.11035391656230119,0.039338013654647674,0.21981715871874627,0.3121005164803402,0.007639351725934801,0.1342508291842026,0.38883723707596646,0.09030309435880708,0.1336919131366139,0.09244089568979266,0.19988244726018065,0.511796277914756,0.0352165703253722,-0.08418511293829142,0.3966140711107329
R12_SpeedExtremeHigh,0.22764290111486168,0.11980276111605404,0.08624257462338696,0.24384620635999024,0.1637166243843864,0.1778299798652602,0.16425060218135185,-0.025327056243545493,-0.27598764185006947,-0.1496089283447687,-0.08490539296475749,-0.19059481444854218,0.08793228379341643,0.39965668135880467,0.5886306608595324,0.4301472659332265,0.24379282411870803,0.21985581107544228,-0.1877410648271279,-0.30403839527559484,1.0,-0.26450521372346,-0.15121162266320493,-0.286499747381742,-0.07641895159541753,-0.18171817495451978,-0.19039479212249286,-0.3247334017966342,-0.015266247832383466,0.012675174023568343,-0.01601139900003443,-0.13957175930142507,-0.22042796894531283,-0.08462032255191418,-0.07331642381318496,-0.09127329645087263,0.12471004389872899,-0.21330202776305027,-0.2693054185180103,-0.26945866433209714,0.376279776151064,-0.16102587568554258,-0.07479590904551069,0.16349960742819203,-0.21104960778768803,-0.09152314563705256,-0.01245699876927001,0.05536901255023593,-0.20452574264869566,0.010937647084679609,0.0029295576916706515,0.07811864313025513,-0.03797085608059126,-0.02298132441335288,-0.2527467714653154,-0.15482698403382775,0.09879817178411618,-0.061077741590008484,-0.13641272826432652,-0.0172485764240442
R1_Rural_RandomWaypoint,-0.08036510636768678,0.28737328836436876,-0.3011692839216557,-0.2569438587358965,-0.20955042993850917,-0.15330570694585982,-0.20110919282152873,-0.13131991415933472,-0.1654127180659027,-0.02122348047309324,-0.21081858611533977,-0.11144830420718169,-0.2190202858739924,0.01450924761535156,-0.14484258508173747,0.06834794030826315,-0.25891307286819604,-0.09351421520780444,0.4660286383709149,0.8456425093017068,-0.26450521372346,1.0,-0.05702443031049607,0.5070316707824147,0.17726686578766254,0.21376377094621032,0.3892211190054671,0.4798554923049865,0.022900744947880386,0.0014652870999099193,-0.14530643043971003,0.018512681816443,0.1236429928611858,-0.13627953066106283,0.06981502890970126,-0.021101108400436552,-0.02358025128929394,-0.06546253371760606,0.2394863567459254,-0.06615779099365662,-0.320925121696705,-0.14696237095952067,0.2606319582754149,-0.006254466042008525,-0.07098678053699134,0.043343548495132646,-0.11991980542610121,0.07994992048842813,0.20535620765209078,-0.06644746123647326,-0.032697130024678424,0.0895804487339614,0.021690971521530867,0.02872601350484088,-0.007356492679346511,-0.006827312070448945,0.17384092405066137,-0.0046994899084096195,-0.06937436895654107,0.1721148685321327
R2_VillagesTrails_ThreeClusters,-0.05560249977086545,-0.001420585945337375,-0.17142139348121047,-0.0972563897865667,-0.10293966329525434,-0.0800268552704672,-0.11969982771097087,-0.06709260996761841,-0.1197571721534761,0.008375253209165946,-0.1434892197117112,0.03750210337760317,-0.10239873393187134,0.020381015354830886,-0.0410148931315934,0.10543637084980165,-0.09665764751380429,-0.06401101441485091,-0.04493253739132113,0.05332676968385564,-0.15121162266320493,-0.05702443031049607,1.0,0.05858668241025008,0.20617782741287988,-0.25134331399861354,-0.04111573708086563,-0.14855088726237273,-0.01103318041127171,-0.0423438194712582,0.5732164456892901,0.07582641392725395,-0.01720389013690251,-0.1386167478380774,0.14003233083663477,-0.27711552684080604,-0.061966139308333786,0.09244314482672915,-0.21606338363978797,0.571430052077839,-0.15039191540173139,-0.07136316712696461,-0.06885779726717103,0.03427013337060206,0.5722465719298094,-0.2051108914465829,-0.06491254986991606,0.04806168970895932,-0.10380550618340426,-0.07594081395133159,0.003780793564360353,-0.00915534313774785,-0.0024791830093321924,-0.027287258043788433,-0.23387551150044006,-0.0668643998898024,0.11630928603047698,-0.03928973308821752,-0.10766582658278533,-0.049068267026605744
R3_WildlifeTracking,-0.331950090725173,-0.09040033683756592,-0.48897696421860676,-0.42503878137840817,-0.40189157073006104,-0.3544125850910391,-0.4156640626944925,0.3555074983998648,0.4145914651086666,0.5718067389650412,-0.1792035546742467,0.4494435222855914,-0.23937847084497518,-0.1500588941143547,-0.27166209140526776,-0.16922126583405123,-0.4198948821254863,-0.3368088571342355,0.648563428075629,0.7976382679169814,-0.286499747381742,0.5070316707824147,0.05858668241025008,1.0,0.1426188889143634,0.10027383019521471,0.2665980772758786,0.26386294788817566,0.03246222969553108,0.014100579724351319,-0.1983228673765109,-0.02197691525999363,0.28634275002806525,-0.16854429378084015,-0.11502582635033735,-0.09995241334939473,-0.11801107436527436,-0.1115739940750996,0.19944081988374718,-0.16108746502037238,-0.2686335082691724,0.11745738261831154,0.3240693158049278,-0.0669018635468022,0.0360650362097575,0.07318500295338162,0.02195763071787049,0.1233380575008372,0.23124182624123196,-0.021949656466412698,0.13450807096952253,0.22832185779808561,0.09540530780477892,0.03835906309770755,0.11654944663008283,0.198810423690703,0.3088452913275542,0.008998105097954137,-0.07532014656046425,0.20504801119713512
R4_ParkRangers_HelsinkiMedium,-0.0726111947601365,0.07563975770587222,-0.31573064893944897,-0.13377990885360533,-0.15164055396986573,-0.11469639484189613,-0.15012391252488863,-0.04037440532950302,-0.16833721534289914,-0.033322896959341014,-0.1853922813160013,-0.06076557655267438,-0.0998715161201083,0.7192440670935758,0.6538583292999349,0.21877537456144616,-0.13316705034273305,-0.07810806301101163,0.12254890499445259,0.20643523785875462,-0.07641895159541753,0.17726686578766254,0.20617782741287988,0.1426188889143634,1.0,-0.06911857848791897,0.05891069631815047,-0.0329009506174853,0.007251190733258567,-0.021041592602369638,-0.2187046818344085,-0.22762830708525802,-0.11880760265669438,-0.15018080890561508,0.846078587707712,-0.21726439432685415,-0.1464684745222387,-0.14417344658420753,-0.1114756067884412,-0.13830604237456123,-0.28330743578167605,-0.1431279399277827,-0.08359064569934603,-0.21858086804332283,0.011412237968574322,-0.10537886859154827,-0.052505427882319725,0.05451880250248325,-0.013376571554423549,-0.05825624078556991,0.018830963532595415,0.056137341646931925,0.014709129796905323,-0.01812947282830305,-0.16756265289509742,-0.07575015619982074,0.10318453041829932,-0.04292012783898376,-0.10743173293611209,-0.026201517292681626
R5_MountainRescue,-0.24911172721440933,-0.20487117422341825,-0.22929452966170882,-0.1989518162999389,-0.21085645375917977,-0.24031677008094912,-0.1907980002715294,-0.04849133000793301,0.22640535129791803,-0.28672036622453434,0.15223841810629032,0.0012857907463701232,0.07514576325697059,-0.189629523019845,-0.20016694969969878,-0.20738175680716828,-0.2633775124645514,-0.2584196267355475,0.1884308705322507,0.18081705346647273,-0.18171817495451978,0.21376377094621032,-0.25134331399861354,0.10027383019521471,-0.06911857848791897,1.0,0.04068462883804226,0.4626746551849908,0.017334033253004453,0.01478269891851595,-0.1735667890182212,0.13248936148845272,0.3525774691171615,0.016390647398656085,-0.20857113176984451,0.9221287581778688,0.48062137593634663,0.002590074139061966,0.5378083590862281,-0.24066082762526678,-0.23772185371015114,0.3921182534912287,-0.001156620726689263,-0.22084221452148728,-0.14300300803158547,-0.030483759260305464,0.4070138533513206,-0.009040736157129407,0.4869839889245727,0.17552669463122475,-0.10317830304622101,0.10339227078160702,-0.04200547625662035,0.007149670401474727,0.7781532848631679,0.38096907080600184,0.024190790375054737,-0.08546578920322505,-0.020795759170514603,-0.002715545801815305
R6_SparseLongRange,-0.2453004543970809,0.04591182310092138,-0.2549814917475585,-0.3950846665070234,-0.20830530662396723,-0.13560623750044642,-0.09086701890007554,-0.047972951582375994,-0.026210074287558748,-0.02761405806529327,-0.1969778518966053,0.04356802075056066,-0.13833981770831552,0.14756821842126153,-0.11946391416483754,-0.04958825183823591,-0.23100224214348936,-0.14478717300103164,0.13641275090823912,0.3594043735852902,-0.19039479212249286,0.3892211190054671,-0.04111573708086563,0.2665980772758786,0.05891069631815047,0.04068462883804226,1.0,0.21698117381253545,0.03194183419603488,0.6629178140383789,-0.15503771478268838,-0.07978573602098446,-0.016808889655699367,-0.11503987135111274,-0.055003030724479415,-0.11857262651438527,-0.09463372001053767,-0.12523982322802835,-0.06609606270215156,-0.14434230205840928,-0.2644298362941851,-0.22771362545133905,0.0679697608619066,-0.11986540491505954,-0.061325827950516595,0.4485193183797775,-0.09666457113157999,0.02135556985626828,-0.07410361428646929,-0.04443661426702258,0.5147789684484027,-0.11349294654409513,-0.0170721418277364,-0.024999603418038134,0.012564787774281482,0.13523755983513272,-0.1355247966880815,-0.029422275053878982,-0.008458006635239731,0.12694671066070545
R7_SparseTinyBuffer,-0.2750349013183139,-0.13387233028601647,-0.08390085122893443,-0.267302960468411,-0.1946632242031317,-0.26771762775432556,-0.1716589354137768,-0.1332321927982603,0.3180501497108936,0.2146402032146999,-0.17396678079243114,0.08502065031764948,-0.2323586422843333,-0.1508951713343735,-0.316660052717919,-0.2693534705715818,-0.30499752565349425,-0.2922078195870273,0.2731906129162785,0.4480600331149875,-0.3247334017966342,0.4798554923049865,-0.14855088726237273,0.26386294788817566,-0.0329009506174853,0.4626746551849908,0.21698117381253545,1.0,0.04177446483528693,0.011530895333579141,-0.19496360151327174,-0.03446945680505879,0.6669335877941261,0.004874892734446791,-0.16141585353081256,0.31609373268025526,-0.08415802191754963,-0.15940769168185973,0.8425353203003673,-0.21419113097730863,-0.29869918700542625,0.5841172321506068,0.32167586423857353,-0.11119462768902394,-0.14889049677020508,0.13610124605273646,0.7260426617256633,-0.39777872018905014,0.8819362226795001,-0.19645019308266143,0.001232291105334604,0.2893875273089897,0.06209535049232363,0.015854493712175274,0.7149590907933866,0.5830960255647732,0.019532075206646467,-0.07215005140127591,0.000931867342117253,0.4098487009763894
R8_IntermittentPower,-0.14325243129204862,-0.08268244141680188,-0.16678107886415475,-0.16694087589882783,-0.14574216656967767,-0.12776925441459325,-0.14678059605669594,-0.02293036265365573,-0.011850187965124147,-0.004358808642080791,-0.05929025906251748,0.03133779201707602,-0.07882322082434583,-0.019769696783709014,-0.07259259656939507,-0.05811377104958007,-0.1436226203600224,-0.1342568472033626,0.133834517465863,0.08366833908963513,-0.015266247832383466,0.022900744947880386,-0.01103318041127171,0.03246222969553108,0.007251190733258567,0.017334033253004453,0.03194183419603488,0.04177446483528693,1.0,-0.004098351257020677,-0.040469248047886194,-0.04505015331579745,0.015929691949890797,-0.06052079517140861,-0.05420916783369383,-0.008999359830134265,0.04484600402093457,-0.08791487551514099,0.02027987875691251,-0.09995291107859022,0.04542075888550477,0.029514572695728564,0.11884387031603395,0.053933187960936525,-0.06080380693645365,0.1042666761696364,0.07578311419960346,0.027131672911399465,0.054568087549936056,-0.01652465245168734,0.13651700877039102,0.14058267589036694,0.006815697121166665,0.015655280482101703,0.05177880509063534,0.07365786369840156,0.13017891727367295,-0.0006848887719189535,-0.03446702279663974,0.1591902161865085
R9_ExtremeRange_200m,-0.18090235777158814,-0.11085068388083302,-0.21834649923654498,-0.20846983399041255,-0.20935574720083944,-0.19850237536256143,-0.20993141520262332,0.021840865723973073,0.02285275697941908,-0.002842553758188383,-0.05602603167882934,-0.008603416161689319,0.14485086605128084,-0.09390647751725141,-0.0694677893287708,-0.10417077411472618,-0.17509803387889486,-0.1597594449724701,0.06507198243511303,0.06487962229574125,0.012675174023568343,0.0014652870999099193,-0.0423438194712582,0.014100579724351319,-0.021041592602369638,0.01478269891851595,0.6629178140383789,0.011530895333579141,-0.004098351257020677,1.0,-0.06839502563643804,-0.06931675957137214,-0.029771580999922206,-0.08879029387311023,-0.08837354035241085,-0.0407006932666562,0.04029170177481909,-0.1215241102453307,0.03681769136813566,-0.1357385906151293,0.05945928669775722,0.04106986248737046,0.14646723712223558,0.059386949665864795,-0.09546226196377858,0.012822876147516059,0.05049616154560523,0.049663876574416704,-0.004229096538792788,0.02576196037606179,0.09734579700078277,0.15903498319136294,-0.005281780900243625,-0.008860886417429777,-0.03101156211557631,0.08968416522364904,0.12623866047026183,-0.014654436413740448,-0.0582919895940645,0.08196574307950585
D1_ShelterHotspots_Clusters,-0.06997582508540795,-0.14522791669615895,-0.0014458552724803553,-0.0858483904067463,-0.11411679236174581,-0.09066096052918873,-0.13279290769773922,-0.043643193294083525,-0.1778319691148155,-0.11116651768978485,-0.05923403500884864,-0.12365133375912343,-0.07238006354544035,-0.205614819615589,-0.15707103172906392,-0.1835713644282453,-0.08264069246479643,-0.07596797246321313,-0.07018625547802003,-0.15315913385875576,-0.01601139900003443,-0.14530643043971003,0.5732164456892901,-0.1983228673765109,-0.2187046818344085,-0.1735667890182212,-0.15503771478268838,-0.19496360151327174,-0.040469248047886194,-0.06839502563643804,1.0,0.5063016837276301,-0.13733189369983706,-0.0826828275623078,-0.011078697077530657,-0.06023631134347008,0.1451024565507368,0.3369494273950329,-0.13754492394090637,0.794208147149324,0.3104862135264871,-0.07002050303458643,0.11412780758040403,0.40509761313952064,0.638985627507193,-0.019899953025937993,-0.1250786301919647,0.03428463405297214,-0.1634796892751308,-0.025257904015185233,-0.04057151558092362,0.052673131619025475,-0.057549489790549656,-0.041817414668248766,-0.14754811532713244,-0.14061276300388728,0.08805692298904837,-0.055961658217175816,-0.12917174462733097,0.06536085116236788
