,U11_OfficeWaitHeavyTail_HelsinkiMedium,U12_HighTimeVariance_HelsinkiMedium,U1_CBD_Commuting_HelsinkiMedium,U5_SparseSuburb_HelsinkiMedium,U7_MicroMobility_HelsinkiMedium,U8_CongestionHotspot_HelsinkiMedium,U9_WorkdayShort_HelsinkiMedium,C1_Campus_ClassChange,C2_ExamDay_LongStays,C3_Hackathon_24h,C4_Stadium_IngressEgress,C7_Library_Quiet,C8_EmergencyDrill_Evacuation,V1_TaxiLow_HelsinkiMedium,V2_TaxiHigh_HelsinkiMedium,V3_BusOnlyCarriers_HelsinkiMedium,V6_CarOwnership_0_HelsinkiMedium,V7_CarOwnership_100_HelsinkiMedium,R10_TinyRange_5m,R11_SpeedExtremeLow,R12_SpeedExtremeHigh,R1_Rural_RandomWaypoint,R2_VillagesTrails_ThreeClusters,R3_WildlifeTracking,R4_ParkRangers_HelsinkiMedium,R5_MountainRescue,R6_SparseLongRange,R7_SparseTinyBuffer,R8_IntermittentPower,R9_ExtremeRange_200m,D1_ShelterHotspots_Clusters,D2_PartitionedCity_MuleBridge,D3_Aftershock_ErraticMobility,D4_MedicalTriage_TwoClasses,D5_UAVMule_FastRoute_HelsinkiMedium,D6_ShortTtlCritical_5to10min,D7_HighLoad_TrafficStorm,D8_InfrastructureReturns_BackboneLinks,D9_Critical_1minTTL,S1_StrongCommunities_SeparateClusters,S2_WeakCommunities_HighMixing,S3_PeriodicMeetings_RegularRhythm,S4_RandomMixing_NoHotspots,S5_TwoLayer_StudentsStaff,S6_FamilyGroups_SmallPersistent,T10_HighRateLowSpeed_Congestion,T11_TTL_1min,T12_TTL_Infinite_Buffer200M,T13_Buffer_256k,T14_Buffer_200M,T15_TransmitSpeed_256k,T1_ManySmallMsgs_HighRate,T2_FewHugeMsgs_LowRate,T3_MixedBimodal_SmallAndLarge,T4_VeryShortTtl_5to10min,T5_VeryLongTtl_6to24h,T6_UniformSources_RandomFromTo,T7_TargetedToHubs_FewDestinations,T8_BurstTraffic_TimeWindows,T9_BufferStress_SmallBufferHighTraffic
U11_OfficeWaitHeavyTail_HelsinkiMedium,1.0,0.7076827050226465,0.5154491311750116,0.5545988746551729,0.6250905558305281,0.5870680714407233,0.6501552287114234,-0.18556625071201766,-0.3411205010624862,-0.24105242218663867,-0.14647246302758582,-0.33415700380139646,-0.00614293015428429,0.16136538409365844,0.20409878225700723,0.43916133434205584,0.5105587717494598,0.5582620398037188,-0.5217380306563117,-0.3834024120375483,0.17782997986526022,-0.15330570694585988,-0.08002685527046717,-0.35441258509103907,-0.11469639484189607,-0.24031677008094907,-0.1356062375004464,-0.26771762775432556,-0.12776925441459325,-0.1985023753625614,-0.09066096052918876,-0.20793926384638686,-0.24707763131193675,-0.10099096753736068,0.047756198707231315,-0.14099467049366982,-0.09801449503543616,-0.1201769424776475,-0.33190484575365403,0.020815334421067134,-0.061456571890473766,-0.3219264806116468,-0.4221209972357602,-0.15114700572762116,-0.053531226095323646,-0.15243166225856947,-0.28590188823697565,-0.08462683344149793,-0.33757484264790183,-0.04010690767743687,-0.1561971299317378,-0.4443790650250662,-0.14306769038513106,-0.22242215783261174,-0.3210120821660891,-0.3188670465410274,-0.40700678467501283,-0.16132853728505572,-0.143477427281759,-0.3867978402144295
U12_HighTimeVariance_HelsinkiMedium,0.7076827050226465,1.0,0.5191407618595094,0.4538848554860804,0.7457523307348143,0.6996106304477842,0.707474182835024,-0.21395747126777195,-0.31894823969567876,-0.2664769870019425,-0.16963342720107996,-0.3536739790959531,-0.014753623937193726,0.20417930879023602,0.19862672252222527,0.4420514899908973,0.6833885445984209,0.6204873253869154,-0.6106911335352692,-0.46168776184108856,0.1642506021813519,-0.2011091928215287,-0.11969982771097086,-0.41566406269449246,-0.1501239125248886,-0.1907980002715294,-0.09086701890007554,-0.1716589354137768,-0.1467805960566959,-0.2099314152026233,-0.13279290769773922,-0.24266161328833466,-0.20450791265138307,-0.0903920312631479,0.01841133574262327,-0.08490622819945509,-0.11618028385806639,-0.1465424195301132,-0.28499817786130044,-0.009764957899626564,-0.10974453702465835,-0.2885721619132075,-0.4765330349219644,-0.22658413395176571,-0.07940864889395821,-0.06007707493555517,-0.18956532983477936,-0.19283808636036318,-0.2714096897037154,-0.08525279181331945,-0.0811147788550467,-0.5011845671516617,-0.1532952950880998,-0.27641861923319666,-0.20623957811312219,-0.24432645469473308,-0.5350631656367605,-0.1910080048613366,-0.13707415427613354,-0.3740402867770033
U1_CBD_Commuting_HelsinkiMedium,0.5154491311750116,0.5191407618595094,1.0,0.5949607240583797,0.6558453062152492,0.800325111882587,0.6527186401922227,-0.19625102050719684,-0.44568652041496465,-0.2665863290076414,-0.12505847969739986,-0.41533432061116504,-0.014908300350210044,0.11796760013790222,0.2448676152502411,0.5228487162748161,0.6800216324686178,0.6207042764513314,-0.44817683591486174,-0.3101212566685169,0.22764290111486168,-0.08036510636768675,-0.05560249977086545,-0.33195009072517306,-0.0726111947601365,-0.24911172721440933,-0.2453004543970809,-0.275034901318314,-0.14325243129204862,-0.1809023577715881,-0.06997582508540799,-0.2051340132128436,-0.33069419600231215,-0.13789964646378425,0.09553353623596443,-0.16279221401097688,0.011969150203547878,-0.11640232746936827,-0.2957666638588891,0.047288519943922996,0.015844048227190946,-0.32955225746618216,-0.28357440617746416,-0.06212184493826991,-0.053693760773307495,-0.333054984385583,-0.2945860667372358,-0.16606145533543495,-0.28305532287976504,-0.18492541738502005,-0.3724288497987514,-0.2440984617457886,-0.12781659735321468,-0.21732252510073846,-0.3770255418904935,-0.4663770319317031,-0.25986131933374484,-0.14325927314656506,-0.19809819013955227,-0.2923434261265643
U5_SparseSuburb_HelsinkiMedium,0.5545988746551729,0.4538848554860804,0.5949607240583797,1.0,0.3442158181736327,0.4158561096436073,0.43357982565981956,-0.2081850433238586,-0.47322705481241184,-0.252968807434239,-0.1983907037446039,-0.38322440979104944,-0.0465012821740001,0.23851400819111465,0.23150063720660388,0.5719644981794559,0.45314155891100255,0.4799743025321786,-0.31313849650927056,0.011131841424979902,0.11980276111605402,0.28737328836436876,-0.0014205859453373898,-0.0904003368375659,0.07563975770587222,-0.20487117422341825,0.04591182310092134,-0.13387233028601644,-0.0826824414168019,-0.11085068388083302,-0.14522791669615895,-0.23892696710941544,-0.3253370629654585,-0.13729999292096914,0.11547387849542881,-0.26393927251256577,-0.13373017061224216,-0.16867176663599617,-0.31587451405405975,-0.05901318298769905,-0.28725356818728504,-0.4744356972911152,-0.3502419779261442,-0.2309122615392124,-0.020520768574347533,-0.2505380529969313,-0.3721575737071631,-0.09606524687905041,-0.2763967428347448,-0.17123563245600065,-0.23964320516910356,-0.33901288867285395,-0.0817262705913357,-0.15534731771477212,-0.432344640226927,-0.4368118718963816,-0.29140018606501183,-0.12202957459575546,-0.15486726975305598,-0.3249702753194958
U7_MicroMobility_HelsinkiMedium,0.6250905558305281,0.7457523307348143,0.6558453062152492,0.3442158181736327,1.0,0.7881290297668556,0.754504828445983,-0.16015752261577584,-0.23478764066578814,-0.20700463072802805,-0.062107911578588255,-0.3517509686632279,0.035644659526297195,-0.005700725098962435,0.08888753462104042,0.18035843992002099,0.7314915477927646,0.6322627098602446,-0.700300379275594,-0.5708910536921639,0.08624257462338697,-0.30116928392165565,-0.1714213934812104,-0.4889769642186068,-0.3157306489394489,-0.22929452966170888,-0.2549814917475585,-0.08390085122893448,-0.16678107886415472,-0.2183464992365449,-0.001445855272480374,-0.15017525664659168,-0.09184469550837446,-0.05500436155221837,0.0383698705563366,-0.0022025189948446204,0.01775210807196054,-0.05215453595027088,-0.12198494568227525,0.19479776576189656,0.10320947926968588,-0.11643948920484579,-0.2704764770654013,-0.011517636294207772,-0.08807699516261636,-0.16943582925498116,-0.1257891299784109,-0.412417904645852,-0.157272673700047,-0.25417241462141965,-0.3213976315326643,-0.40872754550544094,-0.18559984061092513,-0.2656677782351272,-0.09923182730672951,-0.28889298113935596,-0.5517716510986215,-0.1873069932767754,-0.13844341364082252,-0.26895514090291955
U8_CongestionHotspot_HelsinkiMedium,0.5870680714407233,0.6996106304477842,0.800325111882587,0.4158561096436073,0.7881290297668556,1.0,0.7941073357241706,-0.1859307345917897,-0.3360612063676075,-0.2032970977356151,-0.10049055008455327,-0.4037252902002719,0.0046565277837278965,0.03807043078876601,0.24351744053795205,0.4930537740795433,0.7944291805183182,0.651046604595187,-0.5440196726455023,-0.47342121447190094,0.24384620635999013,-0.2569438587358965,-0.09725638978656669,-0.4250387813784081,-0.13377990885360527,-0.19895181629993894,-0.39508466650702334,-0.267302960468411,-0.1669408758988278,-0.20846983399041258,-0.0858483904067463,-0.18935447804040317,-0.23181843183850637,-0.09456146266703078,0.04118007017685549,-0.07662355278258637,-0.04892145220345971,-0.09682580717023688,-0.1809538382739275,0.030576470362145974,0.011887593086100469,-0.15876408944930018,-0.37780999667707565,-0.12931451466101343,-0.059693934094698656,-0.45855657828476276,-0.166680009015668,-0.18491443232699215,-0.19027275826886533,-0.10235994306202398,-0.5083169696578768,-0.2680548936081046,-0.13870184762386292,-0.24590844415360766,-0.2938211942164522,-0.3842649179208006,-0.30346007249271045,-0.17174914597731386,-0.19301633326540255,-0.40275924410344505
U9_WorkdayShort_HelsinkiMedium,0.6501552287114234,0.707474182835024,0.6527186401922227,0.43357982565981956,0.754504828445983,0.7941073357241706,1.0,-0.191246823905364,-0.29203124692448335,-0.2067164247128321,-0.1419760547178151,-0.35710909553008696,0.0022286436068716655,0.11686221676756124,0.20099787781281708,0.43351086667864736,0.7768933889257935,0.571306548872614,-0.6238324513147744,-0.465527788707629,0.16371662438438642,-0.20955042993850917,-0.10293966329525432,-0.40189157073006115,-0.15164055396986567,-0.21085645375917986,-0.20830530662396723,-0.19466322420313178,-0.14574216656967767,-0.20935574720083944,-0.1141167923617458,-0.2313334013210455,-0.16875522378266763,-0.07279422802341608,0.023609084924366763,-0.09845859757571518,-0.1506996691399216,-0.13529535396879822,-0.2300715437003585,0.0069731579379417,-0.11951424885165199,-0.2177863361239383,-0.49180504388260576,-0.22405322030606017,-0.058926041438925984,-0.2688170055618107,-0.1900992268194309,-0.17785693935608765,-0.23741476563013386,-0.05845542741475557,-0.2943102514044248,-0.480594741831728,-0.13081834780232252,-0.2503791565723618,-0.25918552787201543,-0.28337386215744287,-0.48457289419486144,-0.18994567240825866,-0.14489784694193497,-0.46018362069188457
C1_Campus_ClassChange,-0.18556625071201766,-0.21395747126777195,-0.19625102050719684,-0.2081850433238586,-0.16015752261577584,-0.1859307345917897,-0.191246823905364,1.0,0.14784731514751362,0.09173457041544517,0.0006071933878290304,0.1768949933773503,0.11775047243811769,-0.14861136226828042,-0.14071034065422142,-0.2090676525508056,-0.18189931106030455,-0.19892092302693762,0.15604476310057422,0.024596826071457106,-0.025327056243545493,-0.13131991415933478,-0.06709260996761844,0.3555074983998646,-0.040374405329503045,-0.048491330007932966,-0.04797295158237601,-0.13323219279826026,-0.022930362653655736,0.02184086572397308,-0.043643193294083525,0.04819233631884665,-0.062782647553809,-0.09361446411691346,-0.10408783060425969,-0.0433289800554663,-0.024088622554613394,-0.005759040491829658,-0.059126633846854154,-0.05149179051646081,0.1402260739172946,0.08268578008256527,0.14050214296267663,0.07115353542158068,-0.05619641839646715,0.037420864847166245,0.008800826092724586,0.05118640909306948,-0.000719780185785397,0.01611353695719224,0.1144581890342909,0.049794256378841585,0.22277430131759543,-0.04640102711449152,0.08504269080051134,0.20156062299910674,0.13587266624633906,-0.022685543461060265,-0.08819635315580886,0.022348088360859865
C2_ExamDay_LongStays,-0.3411205010624862,-0.31894823969567876,-0.44568652041496465,-0.47322705481241184,-0.23478764066578814,-0.3360612063676075,-0.29203124692448335,0.14784731514751362,1.0,0.7450506302412611,0.022821274722803854,0.8691796021968842,0.1161390205880132,-0.3677751165632894,-0.37415690702617305,-0.4977444421141755,-0.3679209626819257,-0.43868370420873015,0.30418597651266766,0.15680907690913182,-0.2759876418500694,-0.16541271806590266,-0.11975717215347605,0.4145914651086666,-0.1683372153428991,0.226405351297918,-0.026210074287558737,0.3180501497108937,-0.011850187965124135,0.022852756979419096,-0.17783196911481544,0.05247734550901977,0.6031278546925809,-0.02605032868461842,-0.32067888899323155,0.21047706653690718,-0.1809313973921967,-0.04058701098162428,0.48773064998850496,-0.164222126627815,-0.10454284669335275,0.6027667103779685,0.13717403338354628,-0.13724242442118892,-0.04187305949807466,0.10468261631248332,0.43150886166730723,0.03917089272596806,0.4255427602943023,0.21138431532346103,0.08711879507334261,0.16005798664707566,-0.004047740987543605,-0.02815974088089637,0.46665155435829164,0.4868922317974192,0.09513983419668383,-0.05809133329447697,0.0009470850055236713,0.10072871141998696
C3_Hackathon_24h,-0.24105242218663867,-0.2664769870019425,-0.2665863290076414,-0.252968807434239,-0.20700463072802805,-0.2032970977356151,-0.2067164247128321,0.09173457041544517,0.7450506302412611,1.0,-0.19709593131299916,0.6713012768530527,-0.16792394131295915,-0.23159605192202964,-0.2084951810925351,-0.25060885413317247,-0.24706887733607327,-0.2872954226011258,0.38230750273716396,0.3109325133784587,-0.1496089283447686,-0.021223480473093245,0.008375253209165953,0.5718067389650413,-0.033322896959341,-0.2867203662245344,-0.027614058065293268,0.21464020321469995,-0.004358808642080798,-0.002842553758188388,-0.11116651768978482,0.02547492528198324,0.443597639131698,-0.038636691687359045,-0.17362896529106492,-0.3533389816176317,-0.5361921664770151,-0.029032870450695594,0.3459694645767589,-0.09127543455309489,-0.043681404706324624,0.4177454166625179,0.2163791460264458,-0.037284694762410725,0.03762062976707991,0.00895783370028993,0.27631143412027004,0.040760870720327046,0.32005188758018616,0.08713623051434713,0.010159062053316011,0.24854526049818573,0.008185839255470121,0.004026805693711825,0.010977235471193114,0.2833083810679455,0.2091270331653389,-0.0024067409830264056,-0.010690229722998436,0.15255900459832722
C4_Stadium_IngressEgress,-0.14647246302758582,-0.16963342720107996,-0.12505847969739986,-0.1983907037446039,-0.062107911578588255,-0.10049055008455327,-0.1419760547178151,0.0006071933878290304,0.022821274722803854,-0.19709593131299916,1.0,0.038759118864467326,0.16758942866891244,-0.21812530495269405,-0.14631815078606256,-0.24024798038533624,-0.12919288922023342,-0.14117367748065257,-0.16958250395670735,-0.2239811418646468,-0.0849053929647575,-0.2108185861153397,-0.1434892197117112,-0.1792035546742467,-0.1853922813160013,0.15223841810629038,-0.1969778518966053,-0.17396678079243105,-0.05929025906251747,-0.05602603167882932,-0.05923403500884864,-0.05629971930757561,-0.11191293704385856,0.3761418815235294,-0.13780382826228335,0.23122455038431478,0.2763328493577187,0.150957573363757,-0.09257670298885633,-0.08159862574972788,0.025076672487905863,-0.02835219631675383,-0.09674043203159344,-0.059490531567921105,-0.11770319686354262,-0.1523888619732159,-0.09034516645902751,-0.061609803189815675,-0.10410585435580792,-0.047755576385382824,-0.17741384508723934,-0.05272713401911779,-0.04658235493584861,0.2343464195024381,0.06570718982713866,-0.16813033094285224,-0.08059753742231163,0.21141646793453542,0.8553525148737885,-0.11735548645029105
C7_Library_Quiet,-0.33415700380139646,-0.3536739790959531,-0.41533432061116504,-0.38322440979104944,-0.3517509686632279,-0.4037252902002719,-0.35710909553008696,0.1768949933773503,0.8691796021968842,0.6713012768530527,0.038759118864467326,1.0,0.1801809813040612,-0.23203897166472018,-0.30795243495274444,-0.3654395832851636,-0.37021143094818104,-0.3861811581394724,0.3642194698027414,0.25087875464396575,-0.19059481444854212,-0.11144830420718173,0.03750210337760317,0.44944352228559153,-0.06076557655267436,0.0012857907463700998,0.04356802075056065,0.08502065031764947,0.03133779201707601,-0.008603416161689314,-0.1236513337591234,-0.07950851084691293,0.3659987512638791,-0.10526260938072293,-0.22855334620880638,-0.022870152117689262,-0.07506182860669607,-0.15571878175805,0.14598966638351174,-0.16923931726964814,-0.00459662663022253,0.3093172745417371,0.2120395773457105,0.00739294448520847,-0.009999183407067973,0.18489687107844988,0.19007778664005906,0.13419247430318176,0.15343292579699006,0.11274817062416659,0.27055361498378494,0.20294527966817777,0.020216648475601933,0.03645394904753907,0.19158954660352584,0.28693401653109885,0.22847197557241236,-0.00841973471718708,-0.02629656110698317,0.20956699784624785
C8_EmergencyDrill_Evacuation,-0.00614293015428429,-0.014753623937193726,-0.014908300350210044,-0.0465012821740001,0.035644659526297195,0.0046565277837278965,0.0022286436068716655,0.11775047243811769,0.1161390205880132,-0.16792394131295915,0.16758942866891244,0.1801809813040612,1.0,-0.007952326490778934,0.04385063744304789,-0.023341467416068296,0.016958213403054118,-0.011816355313520481,-0.2561231639526933,-0.2929882895163276,0.08793228379341643,-0.2190202858739924,-0.10239873393187134,-0.2393784708449752,-0.0998715161201083,0.07514576325697062,-0.1383398177083155,-0.2323586422843333,-0.07882322082434583,0.14485086605128084,-0.07238006354544037,-0.07476751596937227,-0.2463278926907899,-0.07238507257691928,-0.03587035628130327,0.14653242662027124,0.21338541025490707,-0.034181152250563285,-0.2076729911831069,-0.04269856990007989,0.0634954642412437,-0.1653734550685787,-0.19932123695723536,-0.11178502110273932,-0.09649827182931145,-0.06581313027930004,-0.13696652200173856,-0.08516446583411577,-0.19404332697587295,-0.06827357238951073,-0.0801660897959723,-0.1297313197253992,-0.09414849794169469,-0.13318609299643405,-0.02513650088484151,-0.2251539587651541,-0.18415198170904856,-0.08211374468943558,-0.09656415040928541,-0.15187875519788432
V1_TaxiLow_HelsinkiMedium,0.16136538409365844,0.20417930879023602,0.11796760013790222,0.23851400819111465,-0.005700725098962435,0.03807043078876601,0.11686221676756124,-0.14861136226828042,-0.3677751165632894,-0.23159605192202964,-0.21812530495269405,-0.23203897166472018,-0.007952326490778934,1.0,0.8870630761518279,0.4525164207250278,0.14161135460529703,0.1699747773809966,-0.2670416644797583,-0.1376984544811919,0.3996566813588048,0.014509247615351523,0.020381015354830886,-0.15005889411435477,0.7192440670935758,-0.18962952301984506,0.14756821842126153,-0.15089517133437355,-0.019769696783709035,-0.09390647751725144,-0.205614819615589,-0.2546351367528319,-0.3540750958230412,-0.12845972064781525,0.6759535480488038,-0.255768033712731,-0.12584355239461165,-0.17494479857525566,-0.39406668715864696,-0.20700415023402519,-0.19986917445279556,-0.45909737740867007,-0.3270874393940442,-0.2904187649774023,-0.08768121468380292,0.16264597547061557,-0.16465201294223997,-0.14591443441941235,-0.25377920692893224,-0.2046734388916178,0.24287921358568537,-0.2288860741578281,-0.0636206200497072,-0.11512655659062429,-0.25030181086668696,-0.2400244293193242,-0.3044880906718628,-0.10722561127939663,-0.11177856510140911,-0.09486654624269264
V2_TaxiHigh_HelsinkiMedium,0.20409878225700723,0.19862672252222527,0.2448676152502411,0.23150063720660388,0.08888753462104042,0.24351744053795205,0.20099787781281708,-0.14071034065422142,-0.37415690702617305,-0.2084951810925351,-0.14631815078606256,-0.30795243495274444,0.04385063744304789,0.8870630761518279,1.0,0.48012406512875955,0.24071980759930003,0.23527225238083105,-0.3327745579797969,-0.2952803129746993,0.5886306608595324,-0.1448425850817375,-0.041014893131593406,-0.2716620914052678,0.6538583292999349,-0.20016694969969884,-0.11946391416483751,-0.316660052717919,-0.0725925965693951,-0.0694677893287708,-0.15707103172906392,-0.19411135992217987,-0.36550919195323556,-0.11506177938340739,0.6804532237658468,-0.18926249786216204,-0.06319045172336588,-0.11526627227845788,-0.34839219086089773,-0.15586686166624902,-0.013966811293146171,-0.3491996275526095,-0.33818884159679546,-0.19109005430224138,-0.11664505031135536,-0.167159831314669,-0.1872854061262914,-0.06533416358648791,-0.2783799321888322,-0.09253588937617294,-0.11704046779837482,-0.16319741256319045,-0.06766730398309911,-0.14065037430136185,-0.3480103741997027,-0.34370400423440006,-0.18969392694798506,-0.1144732353676727,-0.15609811351816577,-0.2394463776161793
V3_BusOnlyCarriers_HelsinkiMedium,0.43916133434205584,0.4420514899908973,0.5228487162748161,0.5719644981794559,0.18035843992002099,0.4930537740795433,0.43351086667864736,-0.2090676525508056,-0.4977444421141755,-0.25060885413317247,-0.24024798038533624,-0.3654395832851636,-0.023341467416068296,0.4525164207250278,0.48012406512875955,1.0,0.4828674230756018,0.5026394238408101,-0.27884542655959416,-0.11404315628150266,0.4301472659332265,0.06834794030826315,0.10543637084980165,-0.16922126583405125,0.21877537456144616,-0.2073817568071683,-0.04958825183823591,-0.2693534705715819,-0.0581137710495801,-0.10417077411472618,-0.1835713644282453,-0.29734725257916045,-0.427521792930339,-0.1520402443209302,0.1249647308250959,-0.3006987521797019,-0.1520246875521233,-0.21014050242172916,-0.3909134611078811,-0.18846229034937204,-0.23918218351559373,-0.45885807617634233,-0.4224756960274372,-0.28727939367078076,0.032770527042725664,-0.25139617496053535,-0.2306189438793159,-0.04418417247250926,-0.26573470086382334,-0.13167504628512752,-0.13539749543190424,-0.1831721553759248,-0.06966021914308589,-0.1357619454488291,-0.44763663176776414,-0.3914972956165941,-0.1674963032058769,-0.12654274513459335,-0.18732940702796436,-0.28609958319567813
V6_CarOwnership_0_HelsinkiMedium,0.5105587717494598,0.6833885445984209,0.6800216324686178,0.45314155891100255,0.7314915477927646,0.7944291805183182,0.7768933889257935,-0.18189931106030455,-0.3679209626819257,-0.24706887733607327,-0.12919288922023342,-0.37021143094818104,0.016958213403054118,0.14161135460529703,0.24071980759930003,0.4828674230756018,1.0,0.6413825162403416,-0.535558329311777,-0.46955230671369524,0.24379282411870806,-0.25891307286819604,-0.09665764751380425,-0.4198948821254863,-0.13316705034273302,-0.2633775124645514,-0.23100224214348933,-0.3049975256534943,-0.1436226203600224,-0.17509803387889486,-0.08264069246479645,-0.1823916491420916,-0.3265522539946676,-0.12302736972771229,0.039204881502203075,-0.14860147131678458,-0.0433931510973928,-0.09173300201774606,-0.32147150699747284,0.03103113962841405,0.01562546445985634,-0.3064011313286283,-0.359337018791372,-0.12536910966554873,-0.057768420741450714,-0.2034137926405579,-0.24620057857532285,-0.20310414415767866,-0.30470578138265286,-0.1650098932422816,-0.24464439279236205,-0.3128513849630703,-0.151296853190058,-0.23978563924460586,-0.3107308577953938,-0.4046642968257402,-0.37795623505493237,-0.16853935693646294,-0.18405032343158353,-0.3095658524914486
V7_CarOwnership_100_HelsinkiMedium,0.5582620398037188,0.6204873253869154,0.6207042764513314,0.4799743025321786,0.6322627098602446,0.651046604595187,0.571306548872614,-0.19892092302693762,-0.43868370420873015,-0.2872954226011258,-0.14117367748065257,-0.3861811581394724,-0.011816355313520481,0.1699747773809966,0.23527225238083105,0.5026394238408101,0.6413825162403416,1.0,-0.4462619765731922,-0.31804638264525,0.21985581107544222,-0.09351421520780445,-0.06401101441485092,-0.33680885713423553,-0.0781080630110116,-0.2584196267355475,-0.14478717300103158,-0.29220781958702735,-0.1342568472033626,-0.1597594449724701,-0.07596797246321316,-0.20139606840681473,-0.35135438817757086,-0.1434862405606882,0.08391741236514019,-0.17361914284690458,0.0025455230015892934,-0.11489951155217193,-0.359470630305679,0.03824219213794885,0.011925684402487745,-0.3857826082920993,-0.3008995854924919,-0.07266082049231358,-0.058492537822573284,-0.18130931600853703,-0.3239746038153868,-0.13321145676370796,-0.34439397734752214,-0.15832275861310152,-0.20621723571609693,-0.2985915561931877,-0.13209441462004146,-0.22105170579637334,-0.3676799587928227,-0.43243662678475964,-0.3056925021684084,-0.14314722424011622,-0.18246762651004322,-0.2708968309114721
R10_TinyRange_5m,-0.5217380306563117,-0.6106911335352692,-0.44817683591486174,-0.31313849650927056,-0.700300379275594,-0.5440196726455023,-0.6238324513147744,0.15604476310057422,0.30418597651266766,0.38230750273716396,-0.16958250395670735,0.3642194698027414,-0.2561231639526933,-0.2670416644797583,-0.3327745579797969,-0.27884542655959416,-0.535558329311777,-0.4462619765731922,1.0,0.7963100166291588,-0.1877410648271279,0.46602863837091485,-0.04493253739132117,0.648563428075629,0.12254890499445255,0.18843087053225077,0.136412750908239,0.27319061291627866,0.13383451746586297,0.06507198243511292,-0.07018625547802004,0.2890987938001271,0.2519876979436568,-0.20367563447709564,-0.15877004467034656,-0.00937837894486066,0.030682940418555172,0.07474225879818286,0.36831282693426737,-0.1371090406854871,0.10838128261948345,0.2765049395027008,0.7215377500764412,0.28804633422130455,-0.05360811182600683,0.2845251360433037,0.17166650778715628,0.3293176625304196,0.3374913602085288,0.12374757411441979,0.2653989208778227,0.7047429693677718,0.12715244624587294,0.2261516981244237,0.2129470722697533,0.29632110331940126,0.7514636910015002,0.055590459116451676,-0.10106510158306671,0.6086650707686105
R11_SpeedExtremeLow,-0.3834024120375483,-0.46168776184108856,-0.3101212566685169,0.011131841424979902,-0.5708910536921639,-0.47342121447190094,-0.465527788707629,0.024596826071457106,0.15680907690913182,0.3109325133784587,-0.2239811418646468,0.25087875464396575,-0.2929882895163276,-0.1376984544811919,-0.2952803129746993,-0.11404315628150266,-0.46955230671369524,-0.31804638264525,0.7963100166291588,1.0,-0.3040383952755949,0.8456425093017067,0.05332676968385563,0.7976382679169814,0.2064352378587546,0.18081705346647287,0.3594043735852901,0.44806003311498765,0.08366833908963511,0.06487962229574123,-0.1531591338587558,0.0009226117688810966,0.30892274455310104,-0.196188460664999,-0.036787211713307615,-0.06620128783532782,-0.00894496465383456,-0.13787772449468622,0.3159503575937471,-0.15027440608196183,-0.20298967241608784,0.09357719091246615,0.5186988639774879,0.1284396228544179,-0.036823615969879125,0.11035391656230116,0.039338013654647716,0.21981715871874621,0.3121005164803403,0.007639351725934837,0.1342508291842026,0.38883723707596635,0.09030309435880707,0.1336919131366139,0.09244089568979272,0.19988244726018076,0.511796277914756,0.03521657032537216,-0.0841851129382914,0.3966140711107329
R12_SpeedExtremeHigh,0.17782997986526022,0.1642506021813519,0.22764290111486168,0.11980276111605402,0.08624257462338697,0.24384620635999013,0.16371662438438642,-0.025327056243545493,-0.2759876418500694,-0.1496089283447686,-0.0849053929647575,-0.19059481444854212,0.08793228379341643,0.3996566813588048,0.5886306608595324,0.4301472659332265,0.24379282411870806,0.21985581107544222,-0.1877410648271279,-0.3040383952755949,1.0,-0.26450521372346,-0.15121162266320493,-0.28649974738174205,-0.07641895159541756,-0.18171817495451972,-0.19039479212249286,-0.3247334017966342,-0.015266247832383475,0.012675174023568318,-0.01601139900003445,-0.1395717593014251,-0.22042796894531275,-0.08462032255191415,-0.07331642381318497,-0.09127329645087258,0.12471004389872899,-0.21330202776305032,-0.2693054185180104,-0.26945866433209714,0.37627977615106395,-0.16102587568554255,-0.07479590904551071,0.16349960742819197,-0.2110496077876881,-0.09152314563705258,-0.012456998769269964,0.055369012550235915,-0.20452574264869564,0.010937647084679637,0.002929557691670639,0.07811864313025511,-0.03797085608059127,-0.022981324413352894,-0.25274677146531527,-0.15482698403382766,0.09879817178411615,-0.06107774159000849,-0.13641272826432652,-0.017248576424044273
R1_Rural_RandomWaypoint,-0.15330570694585988,-0.2011091928215287,-0.08036510636768675,0.28737328836436876,-0.30116928392165565,-0.2569438587358965,-0.20955042993850917,-0.13131991415933478,-0.16541271806590266,-0.021223480473093245,-0.2108185861153397,-0.11144830420718173,-0.2190202858739924,0.014509247615351523,-0.1448425850817375,0.06834794030826315,-0.25891307286819604,-0.09351421520780445,0.46602863837091485,0.8456425093017067,-0.26450521372346,1.0,-0.05702443031049609,0.5070316707824148,0.1772668657876625,0.21376377094621035,0.389221119005467,0.4798554923049866,0.022900744947880358,0.001465287099909903,-0.14530643043971,0.018512681816442993,0.1236429928611859,-0.13627953066106283,0.06981502890970127,-0.021101108400436518,-0.023580251289294016,-0.06546253371760606,0.23948635674592542,-0.06615779099365665,-0.320925121696705,-0.1469623709595206,0.2606319582754149,-0.006254466042008555,-0.07098678053699135,0.043343548495132625,-0.1199198054261012,0.07994992048842813,0.20535620765209084,-0.06644746123647323,-0.03269713002467845,0.08958044873396138,0.021690971521530853,0.028726013504840848,-0.0073564926793464646,-0.006827312070448906,0.17384092405066134,-0.00469948990840964,-0.06937436895654105,0.17211486853213268
R2_VillagesTrails_ThreeClusters,-0.08002685527046717,-0.11969982771097086,-0.05560249977086545,-0.0014205859453373898,-0.1714213934812104,-0.09725638978656669,-0.10293966329525432,-0.06709260996761844,-0.11975717215347605,0.008375253209165953,-0.1434892197117112,0.03750210337760317,-0.10239873393187134,0.020381015354830886,-0.041014893131593406,0.10543637084980165,-0.09665764751380425,-0.06401101441485092,-0.04493253739132117,0.05332676968385563,-0.15121162266320493,-0.05702443031049609,1.0,0.058586682410250085,0.20617782741287982,-0.25134331399861354,-0.04111573708086567,-0.14855088726237275,-0.011033180411271734,-0.042343819471258204,0.5732164456892901,0.07582641392725392,-0.01720389013690245,-0.1386167478380774,0.14003233083663477,-0.27711552684080604,-0.06196613930833382,0.09244314482672915,-0.21606338363978797,0.571430052077839,-0.1503919154017314,-0.07136316712696458,-0.06885779726717106,0.03427013337060202,0.5722465719298094,-0.20511089144658295,-0.06491254986991601,0.0480616897089593,-0.10380550618340424,-0.07594081395133156,0.0037807935643603342,-0.009155343137747896,-0.0024791830093321954,-0.027287258043788443,-0.23387551150044006,-0.06686439988980235,0.11630928603047694,-0.03928973308821753,-0.1076658265827853,-0.04906826702660578
R3_WildlifeTracking,-0.35441258509103907,-0.41566406269449246,-0.33195009072517306,-0.0904003368375659,-0.4889769642186068,-0.4250387813784081,-0.40189157073006115,0.3555074983998646,0.4145914651086666,0.5718067389650413,-0.1792035546742467,0.44944352228559153,-0.2393784708449752,-0.15005889411435477,-0.2716620914052678,-0.16922126583405125,-0.4198948821254863,-0.33680885713423553,0.648563428075629,0.7976382679169814,-0.28649974738174205,0.5070316707824148,0.058586682410250085,1.0,0.1426188889143634,0.10027383019521473,0.26659807727587864,0.2638629478881758,0.032462229695531065,0.014100579724351301,-0.19832286737651095,-0.021976915259993644,0.28634275002806536,-0.16854429378084013,-0.1150258263503374,-0.09995241334939466,-0.11801107436527439,-0.11157399407509963,0.1994408198837472,-0.1610874650203723,-0.2686335082691725,0.11745738261831162,0.32406931580492787,-0.06690186354680222,0.036065036209757484,0.0731850029533816,0.02195763071787049,0.12333805750083719,0.23124182624123205,-0.021949656466412677,0.13450807096952253,0.22832185779808564,0.09540530780477889,0.03835906309770753,0.11654944663008292,0.19881042369070304,0.3088452913275542,0.008998105097954108,-0.07532014656046426,0.20504801119713517
R4_ParkRangers_HelsinkiMedium,-0.11469639484189607,-0.1501239125248886,-0.0726111947601365,0.07563975770587222,-0.3157306489394489,-0.13377990885360527,-0.15164055396986567,-0.040374405329503045,-0.1683372153428991,-0.033322896959341,-0.1853922813160013,-0.06076557655267436,-0.0998715161201083,0.7192440670935758,0.6538583292999349,0.21877537456144616,-0.13316705034273302,-0.0781080630110116,0.12254890499445255,0.2064352378587546,-0.07641895159541756,0.1772668657876625,0.20617782741287982,0.1426188889143634,1.0,-0.06911857848791896,0.05891069631815042,-0.032900950617485235,0.007251190733258532,-0.021041592602369652,-0.21870468183440853,-0.22762830708525802,-0.11880760265669436,-0.15018080890561503,0.846078587707712,-0.21726439432685415,-0.1464684745222387,-0.14417344658420755,-0.11147560678844119,-0.13830604237456123,-0.2833074357816761,-0.14312793992778267,-0.08359064569934607,-0.21858086804332288,0.01141223796857431,-0.1053788685915483,-0.052505427882319704,0.05451880250248324,-0.013376571554423532,-0.058256240785569874,0.01883096353259539,0.0561373416469319,0.01470912979690531,-0.01812947282830306,-0.16756265289509745,-0.0757501561998207,0.10318453041829927,-0.042920127838983774,-0.10743173293611208,-0.02620151729268166
R5_MountainRescue,-0.24031677008094907,-0.1907980002715294,-0.24911172721440933,-0.20487117422341825,-0.22929452966170888,-0.19895181629993894,-0.21085645375917986,-0.048491330007932966,0.226405351297918,-0.2867203662245344,0.15223841810629038,0.0012857907463700998,0.07514576325697062,-0.18962952301984506,-0.20016694969969884,-0.2073817568071683,-0.2633775124645514,-0.2584196267355475,0.18843087053225077,0.18081705346647287,-0.18171817495451972,0.21376377094621035,-0.25134331399861354,0.10027383019521473,-0.06911857848791896,1.0,0.040684628838042275,0.4626746551849907,0.017334033253004474,0.01478269891851597,-0.17356678901822112,0.13248936148845278,0.35257746911716137,0.016390647398656033,-0.20857113176984446,0.9221287581778688,0.4806213759363465,0.0025900741390620257,0.5378083590862281,-0.24066082762526672,-0.23772185371015103,0.3921182534912286,-0.0011566207266891114,-0.22084221452148714,-0.14300300803158547,-0.030483759260305394,0.40701385335132056,-0.009040736157129364,0.4869839889245727,0.1755266946312247,-0.103178303046221,0.10339227078160716,-0.04200547625662035,0.007149670401474773,0.778153284863168,0.38096907080600173,0.02419079037505484,-0.085465789203225,-0.02079575917051462,-0.002715545801815243
R6_SparseLongRange,-0.1356062375004464,-0.09086701890007554,-0.2453004543970809,0.04591182310092134,-0.2549814917475585,-0.39508466650702334,-0.20830530662396723,-0.04797295158237601,-0.026210074287558737,-0.027614058065293268,-0.1969778518966053,0.04356802075056065,-0.1383398177083155,0.14756821842126153,-0.11946391416483751,-0.04958825183823591,-0.23100224214348933,-0.14478717300103158,0.136412750908239,0.3594043735852901,-0.19039479212249286,0.389221119005467,-0.04111573708086567,0.26659807727587864,0.05891069631815042,0.040684628838042275,1.0,0.21698117381253543,0.03194183419603485,0.662917814038379,-0.15503771478268838,-0.07978573602098446,-0.016808889655699353,-0.11503987135111274,-0.0550030307244794,-0.11857262651438523,-0.09463372001053769,-0.12523982322802835,-0.06609606270215154,-0.14434230205840926,-0.2644298362941851,-0.22771362545133902,0.0679697608619066,-0.11986540491505959,-0.0613258279505166,0.4485193183797775,-0.09666457113157996,0.021355569856268252,-0.07410361428646928,-0.04443661426702256,0.5147789684484027,-0.11349294654409521,-0.017072141827736417,-0.024999603418038162,0.012564787774281482,0.13523755983513272,-0.1355247966880815,-0.029422275053878982,-0.008458006635239728,0.12694671066070543
R7_SparseTinyBuffer,-0.26771762775432556,-0.1716589354137768,-0.275034901318314,-0.13387233028601644,-0.08390085122893448,-0.267302960468411,-0.19466322420313178,-0.13323219279826026,0.3180501497108937,0.21464020321469995,-0.17396678079243105,0.08502065031764947,-0.2323586422843333,-0.15089517133437355,-0.316660052717919,-0.2693534705715819,-0.3049975256534943,-0.29220781958702735,0.27319061291627866,0.44806003311498765,-0.3247334017966342,0.4798554923049866,-0.14855088726237275,0.2638629478881758,-0.032900950617485235,0.4626746551849907,0.21698117381253543,1.0,0.041774464835286934,0.011530895333579195,-0.19496360151327174,-0.03446945680505878,0.6669335877941261,0.004874892734446719,-0.16141585353081253,0.3160937326802552,-0.08415802191754955,-0.15940769168185967,0.8425353203003673,-0.2141911309773086,-0.29869918700542614,0.5841172321506067,0.32167586423857364,-0.11119462768902388,-0.1488904967702051,0.13610124605273652,0.7260426617256632,-0.39777872018905,0.8819362226795,-0.19645019308266148,0.0012322911053346654,0.28938752730898987,0.062095350492323675,0.01585449371217529,0.7149590907933867,0.5830960255647734,0.019532075206646567,-0.0721500514012759,0.0009318673421172044,0.4098487009763897
R8_IntermittentPower,-0.12776925441459325,-0.1467805960566959,-0.14325243129204862,-0.0826824414168019,-0.16678107886415472,-0.1669408758988278,-0.14574216656967767,-0.022930362653655736,-0.011850187965124135,-0.004358808642080798,-0.05929025906251747,0.03133779201707601,-0.07882322082434583,-0.019769696783709035,-0.0725925965693951,-0.0581137710495801,-0.1436226203600224,-0.1342568472033626,0.13383451746586297,0.08366833908963511,-0.015266247832383475,0.022900744947880358,-0.011033180411271734,0.032462229695531065,0.007251190733258532,0.017334033253004474,0.03194183419603485,0.041774464835286934,1.0,-0.004098351257020691,-0.040469248047886194,-0.04505015331579745,0.015929691949890818,-0.06052079517140859,-0.05420916783369383,-0.008999359830134251,0.04484600402093456,-0.087914875515141,0.020279878756912548,-0.09995291107859024,0.04542075888550477,0.029514572695728606,0.11884387031603393,0.05393318796093649,-0.06080380693645366,0.10426667616963639,0.07578311419960347,0.02713167291139947,0.05456808754993608,-0.01652465245168733,0.13651700877039102,0.14058267589036694,0.006815697121166665,0.015655280482101724,0.05177880509063538,0.07365786369840159,0.13017891727367287,-0.0006848887719189598,-0.034467022796639726,0.15919021618650844
R9_ExtremeRange_200m,-0.1985023753625614,-0.2099314152026233,-0.1809023577715881,-0.11085068388083302,-0.2183464992365449,-0.20846983399041258,-0.20935574720083944,0.02184086572397308,0.022852756979419096,-0.002842553758188388,-0.05602603167882932,-0.008603416161689314,0.14485086605128084,-0.09390647751725144,-0.0694677893287708,-0.10417077411472618,-0.17509803387889486,-0.1597594449724701,0.06507198243511292,0.06487962229574123,0.012675174023568318,0.001465287099909903,-0.042343819471258204,0.014100579724351301,-0.021041592602369652,0.01478269891851597,0.662917814038379,0.011530895333579195,-0.004098351257020691,1.0,-0.06839502563643805,-0.06931675957137214,-0.029771580999922175,-0.08879029387311022,-0.08837354035241082,-0.04070069326665615,0.04029170177481909,-0.12152411024533072,0.036817691368135716,-0.13573859061512933,0.05945928669775716,0.04106986248737049,0.1464672371222355,0.059386949665864795,-0.09546226196377859,0.01282287614751605,0.05049616154560528,0.049663876574416704,-0.004229096538792765,0.025761960376061814,0.09734579700078276,0.15903498319136294,-0.005281780900243639,-0.008860886417429818,-0.03101156211557628,0.08968416522364907,0.12623866047026178,-0.014654436413740457,-0.05829198959406448,0.08196574307950583
D1_ShelterHotspots_Clusters,-0.09066096052918876,-0.13279290769773922,-0.06997582508540799,-0.14522791669615895,-0.001445855272480374,-0.0858483904067463,-0.1141167923617458,-0.043643193294083525,-0.17783196911481544,-0.11116651768978482,-0.05923403500884864,-0.1236513337591234,-0.07238006354544037,-0.205614819615589,-0.15707103172906392,-0.1835713644282453,-0.08264069246479645,-0.07596797246321316,-0.07018625547802004,-0.1531591338587558,-0.01601139900003445,-0.14530643043971,0.5732164456892901,-0.19832286737651095,-0.21870468183440853,-0.17356678901822112,-0.15503771478268838,-0.19496360151327174,-0.040469248047886194,-0.06839502563643805,1.0,0.50630168372763,-0.137331893699837,-0.08268282756230778,-0.01107869707753067,-0.06023631134347004,0.14510245655073678,0.3369494273950329,-0.1375449239409063,0.794208147149324,0.31048621352648703,-0.0700205030345864,0.11412780758040397,0.4050976131395206,0.6389856275071929,-0.019899953025938014,-0.12507863019196463,0.034284634052972114,-0.16347968927513074,-0.025257904015185205,-0.04057151558092363,0.052673131619025426,-0.057549489790549656,-0.04181741466824876,-0.14754811532713238,-0.14061276300388725,0.08805692298904833,-0.05596165821717583,-0.12917174462733094,0.06536085116236792
