,U1_CBD_Commuting_HelsinkiMedium,U5_SparseSuburb_HelsinkiMedium,U7_MicroMobility_HelsinkiMedium,U8_CongestionHotspot_HelsinkiMedium,U9_WorkdayShort_HelsinkiMedium,U11_OfficeWaitHeavyTail_HelsinkiMedium,U12_HighTimeVariance_HelsinkiMedium,C1_Campus_ClassChange,C2_ExamDay_LongStays,C3_Hackathon_24h,C4_Stadium_IngressEgress,C7_Library_Quiet,C8_EmergencyDrill_Evacuation,V1_TaxiLow_HelsinkiMedium,V2_TaxiHigh_HelsinkiMedium,V3_BusOnlyCarriers_HelsinkiMedium,V6_CarOwnership_0_HelsinkiMedium,V7_CarOwnership_100_HelsinkiMedium,R10_TinyRange_5m,R11_SpeedExtremeLow,R12_SpeedExtremeHigh,R1_Rural_RandomWaypoint,R2_VillagesTrails_ThreeClusters,R3_WildlifeTracking,R4_ParkRangers_HelsinkiMedium,R5_MountainRescue,R6_SparseLongRange,R7_SparseTinyBuffer,R8_IntermittentPower,R9_ExtremeRange_200m,D1_ShelterHotspots_Clusters,D2_PartitionedCity_MuleBridge,D3_Aftershock_ErraticMobility,D4_MedicalTriage_TwoClasses,D5_UAVMule_FastRoute_HelsinkiMedium,D6_ShortTtlCritical_5to10min,D7_HighLoad_TrafficStorm,D8_InfrastructureReturns_BackboneLinks,D9_Critical_1minTTL,S1_StrongCommunities_SeparateClusters,S2_WeakCommunities_HighMixing,S3_PeriodicMeetings_RegularRhythm,S4_RandomMixing_NoHotspots,S5_TwoLayer_StudentsStaff,S6_FamilyGroups_SmallPersistent,T10_HighRateLowSpeed_Congestion,T11_TTL_1min,T12_TTL_Infinite_Buffer200M,T13_Buffer_256k,T14_Buffer_200M,T15_TransmitSpeed_256k,T1_ManySmallMsgs_HighRate,T2_FewHugeMsgs_LowRate,T3_MixedBimodal_SmallAndLarge,T4_VeryShortTtl_5to10min,T5_VeryLongTtl_6to24h,T6_UniformSources_RandomFromTo,T7_TargetedToHubs_FewDestinations,T8_BurstTraffic_TimeWindows,T9_BufferStress_SmallBufferHighTraffic
U1_CBD_Commuting_HelsinkiMedium,1.0,0.8123763278189895,0.7565386612284282,0.9465246669196912,0.7562380048032452,0.9005942837541954,0.828680790988517,-0.21707001112881102,-0.4509085809215981,-0.3297378789684713,-0.19565314783420407,-0.4647320721884803,0.0022789520450758128,0.03874791020326146,0.16153711021409417,0.5482344651109022,0.9438973336319332,0.7646636216844028,-0.46742361985850606,-0.292000580344056,0.13852163178948715,-0.056134064254388556,-0.027248257008564068,-0.35990884581497723,-0.06507638125890737,-0.3870787433366668,-0.2746809103698357,-0.2409545416417632,-0.4271435235295733,-0.208469055057241,-0.16222604188714676,-0.2566085428899996,-0.28934610592393023,-0.2502430123996743,0.05624307717748837,-0.30948441166044327,-0.06445333886488838,-0.14564992812226477,-0.2638284927164289,0.07214287793201546,-0.1011443088402195,-0.3036704199950221,-0.25011458993744884,-0.10033497827341202,-0.043052709896054114,-0.35630725283260356,-0.3162882169256042,-0.20130820000212482,-0.2525916088758088,-0.23188211837534697,-0.40940041620126216,-0.21721004483720016,-0.17569375027848141,-0.26218535939936516,-0.4245376961392201,-0.5320443838007927,-0.2595600179136313,-0.198152607306027,-0.2883634624582773,-0.27945596877141055
U5_SparseSuburb_HelsinkiMedium,0.8123763278189895,1.0,0.4358165107033337,0.6560726608298034,0.5989166560422362,0.7595541649072195,0.7102011861940826,-0.28911724894830426,-0.5556400746865967,-0.39070658675788966,-0.3355165985575679,-0.4988439346105943,-0.11404631910323991,0.2550900046377634,0.1846963333232431,0.697013093602055,0.7021107258784923,0.6456767915343005,-0.2733577215605759,0.1285345957909626,0.03917593442410318,0.4159464028995774,0.006894535890064028,-0.09269957344551738,0.12688152145139206,-0.17716959218174028,0.08080326103718548,0.004425343208379036,-0.24641958335962544,-0.16424425786282473,-0.28539819866328814,-0.32140254344501124,-0.29705476737250447,-0.25336185127608757,0.08557352256196313,-0.3833029903991881,-0.26894801757501824,-0.23031944159316084,-0.2581478922589643,-0.09638875598044705,-0.4727783666839448,-0.504613115449289,-0.3539857918255207,-0.32799448448245194,-0.03875908452227516,-0.1965030056625445,-0.34838871857089215,-0.14101618136361954,-0.19067612311312043,-0.22387484764460372,-0.1912950150999454,-0.31690001132328266,-0.15934429541304038,-0.23670151296717812,-0.42251878325243775,-0.45140783416762725,-0.31013961702082304,-0.17870984960678948,-0.23755623236929596,-0.28077389717294726
U7_MicroMobility_HelsinkiMedium,0.7565386612284282,0.4358165107033337,1.0,0.7936853067246115,0.7301478686924036,0.8091448105009529,0.8413797704956751,-0.1554816540759384,-0.15458947173863863,-0.2282129686816239,-0.058893089465983865,-0.35114558391163186,0.04788358272499616,-0.08481161663320434,-0.017312361649636746,0.09222285239803649,0.8216156147817524,0.6191012366590287,-0.7346410956358949,-0.5657284424665618,-0.024932939603554787,-0.2902539143492936,-0.15351638066081516,-0.48351479250565055,-0.3154645102020648,-0.2746414535549682,-0.24390099641380342,0.004174692311234299,-0.6280004870282497,-0.2362752411728941,-0.04907491639622046,-0.15433265216575376,0.025334414861884223,-0.0836651913724156,-0.0032248319440130713,0.048149918343901185,0.004777356509819517,-0.0525302815514958,-0.03286070909523371,0.2161082660524026,0.03370356685954666,-0.02075592939968234,-0.21343642280580946,-0.022996773597788477,-0.0757708387307387,-0.12477033122263248,-0.07420215711159853,-0.4293733327262411,-0.08018631247253932,-0.26503909758579636,-0.2947154522821334,-0.3887904236340936,-0.20463941082100087,-0.2975074554870167,0.010696793095175277,-0.24515751710910968,-0.5602325094557441,-0.20723495955774485,-0.14832949231424555,-0.22232047322708112
U8_CongestionHotspot_HelsinkiMedium,0.9465246669196912,0.6560726608298034,0.7936853067246115,1.0,0.7971794879774186,0.8724312832914182,0.8140411283624306,-0.18748438342688487,-0.2600763346880599,-0.2181817292437044,-0.12259574827842523,-0.4085493486392836,0.021201593899101586,-0.06454352838229026,0.13920948846873069,0.45344813479841883,0.9380240006981253,0.7037404258419645,-0.5491647164279574,-0.4661930015089741,0.13804164578924322,-0.2552886356195418,-0.0708145687288364,-0.43312852594380585,-0.12853585205017531,-0.24277480701717022,-0.4201598905799202,-0.20636413897660874,-0.5740873717113577,-0.22753148535752935,-0.1657328128756112,-0.21304303354540735,-0.12464026041305665,-0.15680181214529607,-0.01337310110656232,-0.09811583859606561,-0.15734485848271865,-0.10852552584193331,-0.08692321026966018,0.04737388306629228,-0.10260679983051126,-0.04950055696487628,-0.3475500792545066,-0.17103770480109828,-0.043504457583437316,-0.4755671354300181,-0.12077756571055569,-0.20213742916582206,-0.10664406936535073,-0.11425355102760941,-0.5348542592962885,-0.22610016364064042,-0.16974509928832213,-0.2835035838911902,-0.25019038082915884,-0.37104668675097363,-0.2865452036691949,-0.20415251591310596,-0.23831926108893817,-0.39634926506634105
U9_WorkdayShort_HelsinkiMedium,0.7562380048032452,0.5989166560422362,0.7301478686924036,0.7971794879774186,1.0,0.8559316237955675,0.7882892337499573,-0.18476570455030342,-0.2331199599984641,-0.23747791757758738,-0.13457828014828685,-0.3622526977195457,0.0008032492133079967,0.03781931369835826,0.10260634459265729,0.3701778491943458,0.8740331417669208,0.5540856792890085,-0.649839409327853,-0.43858399364651157,0.050467588685334734,-0.1863479753367461,-0.07109470317848786,-0.37736572294717796,-0.14200208776673487,-0.25456414942688305,-0.19025913438530814,-0.14368124299064494,-0.5907149768741888,-0.21752030698618796,-0.16914365698031905,-0.24203236515090598,-0.07463689669261256,-0.08988268151603314,-0.019454527852019364,-0.12786586107635636,-0.29725425262342225,-0.140795897291507,-0.1822297746865393,0.02237594532405846,-0.24266560109653013,-0.15876988977486176,-0.4957659745716269,-0.26377272787700323,-0.03531896482064634,-0.2577467156052911,-0.1855837065037144,-0.17647209247653303,-0.19972922378024283,-0.0609968421295208,-0.28425026042795426,-0.4960641246393178,-0.13820520822310117,-0.28844454225233523,-0.22631925978050216,-0.2638148190386688,-0.49486962583696964,-0.19109889566873012,-0.13496213169220309,-0.4784597288879694
U11_OfficeWaitHeavyTail_HelsinkiMedium,0.9005942837541954,0.7595541649072195,0.8091448105009529,0.8724312832914182,0.8559316237955675,1.0,0.9708011895592222,-0.22911061218369833,-0.3508098089361498,-0.3447717652034396,-0.21619978952122923,-0.3953021485453857,-0.0013613344731371589,0.1167968394069343,0.13262592917873342,0.4810339161674365,0.9552084051596353,0.752646208631245,-0.6417416133076208,-0.43816655527118137,0.09262182852666123,-0.16680177223995035,-0.06919234464696508,-0.4254835149937127,-0.13020093009099729,-0.3677482891042133,-0.147787678540365,-0.2620608322497706,-0.5225355848130689,-0.26060221769790215,-0.1930961573261829,-0.27740401903650747,-0.20015181976566693,-0.1831407135073883,0.0018697429567922576,-0.24222978706543957,-0.2679927167314672,-0.16053682441593298,-0.35477184003391177,0.03821693595937592,-0.20630055079939033,-0.33179411158124855,-0.5021782747395483,-0.2299050129624183,-0.04947202066204382,-0.12950753081538197,-0.33458835807779863,-0.10489863435294991,-0.36949113308204534,-0.05095436757196169,-0.1368162001134808,-0.545623764518106,-0.20697796168727955,-0.31427221007889905,-0.35643843950717413,-0.35312000745026795,-0.5036354329981384,-0.22209831999796517,-0.19792806894960466,-0.45914410935424077
U12_HighTimeVariance_HelsinkiMedium,0.828680790988517,0.7102011861940826,0.8413797704956751,0.8140411283624306,0.7882892337499573,0.9708011895592222,1.0,-0.22637845793342656,-0.2800127772572522,-0.3297265331744781,-0.2185051886563105,-0.3717515685258832,-0.015327034722420713,0.1441768364470654,0.10399459052579894,0.42095996675874064,0.9025692014105625,0.7304322421599322,-0.70936175755033,-0.4824422722138348,0.04774950045696076,-0.19602831519120753,-0.09553643012357066,-0.43711620524697475,-0.15730832911166032,-0.28889233308979073,-0.0686995588842153,-0.13000080977309528,-0.5464723259068373,-0.23791499174794714,-0.21608383468721348,-0.2874626795174724,-0.12594399119055713,-0.14507946443308337,-0.030490562913558755,-0.16403547611628203,-0.3157153268621113,-0.1724278406266271,-0.27939187591236364,0.008526335549557094,-0.2720355022309508,-0.27246373947091307,-0.5347850929888734,-0.30305372528565655,-0.06027853040526824,-0.026740943352263,-0.21407887620102228,-0.21551712218261662,-0.27225155523207917,-0.10121309551272108,-0.05206349813762414,-0.5894257271569724,-0.18112640219874782,-0.33933962317801336,-0.1931489991494936,-0.24385776751592236,-0.6235108708451952,-0.2341913702751288,-0.16038985012381893,-0.42377016470394974
C1_Campus_ClassChange,-0.21707001112881102,-0.28911724894830426,-0.1554816540759384,-0.18748438342688487,-0.18476570455030342,-0.22911061218369833,-0.22637845793342656,1.0,0.052607345408278126,0.06213137981996933,-0.04136269156479552,0.04739447180095861,-0.02579343061083969,-0.1335999685921261,-0.12852411952548504,-0.1968225411676889,-0.1921846545554851,-0.2155657970921624,0.20908118236716702,0.03599472003865851,-0.0011306032474397815,-0.13282821797850516,-0.06546524504427037,0.38880570565069184,-0.03141454900166474,-0.03790701493478614,-0.04898414182513142,-0.13656129649611778,0.10463185511193226,-0.001015900632269131,-0.02701695404871414,0.059329283827759136,-0.06492179823188131,-0.09172150248559553,-0.08927604518687915,-0.023424703877045296,0.015160530265462319,0.001916224585122713,-0.05121917566300553,-0.04530016411895471,0.18931411279789895,0.10894144203752244,0.1907463954876867,0.10974088154884895,-0.0575050418661069,0.0532305473573375,0.03741924722234938,0.06194653913564833,0.017858736311721593,0.026830726224602516,0.13676328907445798,0.07938161002110675,0.23760164802897815,-0.026574412997422532,0.139208280171045,0.2674047982086352,0.17742326150521323,-0.00985887422147035,-0.09531652845535664,0.052206150781872324
C2_ExamDay_LongStays,-0.4509085809215981,-0.5556400746865967,-0.15458947173863863,-0.2600763346880599,-0.2331199599984641,-0.3508098089361498,-0.2800127772572522,0.052607345408278126,1.0,0.9087313038173706,0.052649209919782544,0.8296642332335452,-0.06568892492216746,-0.34055736884512855,-0.29537885267592084,-0.4640834274882689,-0.3517928453809274,-0.3773481457911121,0.2215083985603758,0.08423167481977917,-0.17933896536097652,-0.2350956015227279,-0.17275802380816396,0.46896230469817096,-0.2239601792831852,0.3783425836429986,-0.059796489118229865,0.25847579578734065,-0.059305721065567814,0.013773112705251736,-0.12393095471856266,0.06730601312683293,0.6437304964290496,0.09293639292294957,-0.3059333622098112,0.4576157673316491,-0.17554197839026753,-0.04357390482243732,0.483418539853122,-0.19313184301538952,-0.027428288639954387,0.6292919765681939,0.023192853238614655,-0.13543621069772702,-0.05832849400680474,0.010024483449647674,0.44108845947497205,0.053640233035132316,0.39786934555363507,0.25803495644702323,-0.0057087372478043285,0.06614918958340336,0.029925277829025588,-0.051361873698453735,0.5333482391734596,0.5030596735962866,0.03197128608819607,-0.011579880362641425,0.0742901273348939,-0.03102507126325651
C3_Hackathon_24h,-0.3297378789684713,-0.39070658675788966,-0.2282129686816239,-0.2181817292437044,-0.23747791757758738,-0.3447717652034396,-0.3297265331744781,0.06213137981996933,0.9087313038173706,1.0,-0.014591002894776542,0.8808972579341232,-0.08375374911663264,-0.270276259909975,-0.21250504862402336,-0.28778513501782477,-0.3038859573547323,-0.33346581809914283,0.3663172057428428,0.2981856160631588,-0.14630093998636778,-0.08159977627868097,-0.04385677888950135,0.6858796958173916,-0.0903402016458114,0.1742476530922341,-0.07316136970846855,0.14485223351804627,0.026572719879329024,-0.00925256200009868,-0.13748049793126843,0.003409313741000855,0.4609674877811419,-0.03345586587420638,-0.21704902307572263,0.14751739633775549,-0.13954039945267235,-0.060392025604773296,0.3219911277936822,-0.15207469490445585,-0.07576948792365494,0.4186538137056772,0.11939438249616718,-0.12511180322019477,0.020345101126301366,-0.09222935951314315,0.24222199741694406,0.01873567820718567,0.29118803452268743,0.0785229695937941,-0.09048684923694279,0.1886328938363945,0.004797470931372911,-0.025283974296747266,0.2790866292468118,0.2225119011925134,0.1411973763657324,-0.016423016506536214,-0.027822649531491554,0.0390223922216423
C4_Stadium_IngressEgress,-0.19565314783420407,-0.3355165985575679,-0.058893089465983865,-0.12259574827842523,-0.13457828014828685,-0.21619978952122923,-0.2185051886563105,-0.04136269156479552,0.052649209919782544,-0.014591002894776542,1.0,0.007336514808569855,-0.014057474801987907,-0.222901521985676,-0.16060053399409177,-0.2531717862446769,-0.16285314986633032,-0.23112933841697406,-0.02702578099769488,-0.19767771853151278,-0.03546645553964358,-0.227915966733952,-0.14428980512490647,-0.19908362647856237,-0.17088048066779962,0.019856202286333596,-0.22483295935585343,-0.03670067830928197,0.002493748939184651,-0.06203480999699606,-0.03195907473547069,-0.022058938503284952,0.03509804109242324,0.22589489835322357,-0.12828594229360604,0.1465081678570261,0.16375483271489746,0.23256561111251106,0.09919555028186945,-0.06401941793571736,0.20770618234099444,0.1809922750371338,0.10589778472088487,0.09586292119378864,-0.14416114222743898,-0.04564731323520086,0.14141884239086533,-0.038363595541764973,0.08442074676395805,0.00017832600789288063,-0.08153443359786697,0.1604942224312557,-0.060801927887714796,0.48329740991125086,0.11590344620190769,0.03505875794734704,0.09365844093834626,-0.05095080144864003,0.9256747319794898,0.09744764587131043
C7_Library_Quiet,-0.4647320721884803,-0.4988439346105943,-0.35114558391163186,-0.4085493486392836,-0.3622526977195457,-0.3953021485453857,-0.3717515685258832,0.04739447180095861,0.8296642332335452,0.8808972579341232,0.007336514808569855,1.0,-0.0467754835074255,-0.18975723880009662,-0.24007399276304373,-0.33103272315687526,-0.3992258332166693,-0.3610720904153868,0.41231869049288045,0.27542926773475923,-0.06223799482226242,-0.17879193853404937,0.0382704005110359,0.6029718135029598,-0.08994697255854966,-0.013113324347780583,0.04200213021921737,-0.01428384876486921,0.3632787721206892,0.03600697744857086,-0.06328971467590361,-0.09705359528705747,0.4050538604236914,-0.03477122812585049,-0.21568340146193743,0.017985999328607286,0.05183241541061766,-0.20218728429011107,0.0689650923250814,-0.21944262696243966,0.1315078793518454,0.30644482627529396,0.20402851431164779,0.08252820460232732,-0.017675785453165484,0.16414666164335912,0.17914804926985,0.20327094782287464,0.08128425639077494,0.1693717011744929,0.29571121851249677,0.19227684947644982,0.06808790693831689,0.07239611565540938,0.1748133103371369,0.3174245931747046,0.28118475927717973,0.06299538336283053,0.029632753923443587,0.1943380453800116
C8_EmergencyDrill_Evacuation,0.0022789520450758128,-0.11404631910323991,0.04788358272499616,0.021201593899101586,0.0008032492133079967,-0.0013613344731371589,-0.015327034722420713,-0.02579343061083969,-0.06568892492216746,-0.08375374911663264,-0.014057474801987907,-0.0467754835074255,1.0,-0.01639681482694357,0.026785249555138703,-0.02817435204125579,0.03135566260324478,-0.010644276769471014,-0.08368576457136256,-0.19466739948528303,0.03498434257767705,-0.1930407425579787,0.011836830377102843,-0.18472729897560208,-0.0238970612465797,-0.13994944708877088,-0.13193802604221463,-0.16639876576087134,-0.027967905898360467,-0.043843496263193,-0.01996856844206857,-0.0231913563323994,-0.10670515668179156,-0.07922573360873399,0.030048236727982867,-0.04211108463312896,0.09427214993329487,0.029496205516507674,-0.10121644931540293,0.0745729838157827,0.15234946551832265,-0.02660569522575734,0.025412071444227528,0.06711449964680156,-0.041198691621526284,0.005900682879217878,-0.05394786645824222,-0.005663686613981584,-0.1088255842309835,-0.019861022566417735,-0.007116010871117988,0.03615405117072483,-0.05997902928168665,-0.04711453046391407,-0.070701010665071,-0.09914290489664164,0.01327409034907439,-0.03788501570028294,-0.08130408303361972,0.02410302058180394
V1_TaxiLow_HelsinkiMedium,0.03874791020326146,0.2550900046377634,-0.08481161663320434,-0.06454352838229026,0.03781931369835826,0.1167968394069343,0.1441768364470654,-0.1335999685921261,-0.34055736884512855,-0.270276259909975,-0.222901521985676,-0.18975723880009662,-0.01639681482694357,1.0,0.8829507956408703,0.38934063363404525,0.06345665805612545,0.10716470865750671,-0.20839693968926154,-0.05398396831568143,0.3241388634738361,0.0586505445321491,0.06688934296528376,-0.08984067115981771,0.7795185843936653,-0.23816067439822014,0.1905601894410786,-0.10994434001050375,0.011119708954042769,-0.0780943292897228,-0.25698050145163,-0.26245149415317726,-0.31321778320806914,-0.14831440276614458,0.6775313755140877,-0.4147366035405043,-0.25267139835243063,-0.17934707231233588,-0.39566345326806573,-0.1998559237235532,-0.33529636009560826,-0.4628338496389642,-0.3037222622055563,-0.3329496707904185,-0.05961178598694583,0.20713142489756609,-0.1803784335870537,-0.13643106221898435,-0.23960126608884066,-0.2143982158577403,0.29654822286865945,-0.21612877596900376,-0.05734418884003491,-0.12409996753995442,-0.24090284403361067,-0.23071259777638217,-0.2920671274992737,-0.07716844166861712,-0.08440457326518733,-0.058094056091404125
V2_TaxiHigh_HelsinkiMedium,0.16153711021409417,0.1846963333232431,-0.017312361649636746,0.13920948846873069,0.10260634459265729,0.13262592917873342,0.10399459052579894,-0.12852411952548504,-0.29537885267592084,-0.21250504862402336,-0.16060053399409177,-0.24007399276304373,0.026785249555138703,0.8829507956408703,1.0,0.394858929053198,0.15572346382105456,0.1292371705524996,-0.21766763625867877,-0.19607678098869996,0.5144301619014042,-0.10051080085471607,0.014399864567338206,-0.20829104883015717,0.750167381430551,-0.22500543399544373,-0.08386538922675124,-0.24828853375289936,-0.13400376244021894,-0.05939114267908171,-0.23255534841124065,-0.2014043242773414,-0.2627310570442082,-0.16342762535710045,0.6909477225473638,-0.29296585901957767,-0.17299081641983022,-0.11780777955377804,-0.28138102631237016,-0.14726185567426098,-0.14995889523039396,-0.27136092059001476,-0.258169200460668,-0.22536052717214075,-0.0887990160620006,-0.11854515996344829,-0.15092211467455874,-0.048703872998099834,-0.20699703645087947,-0.09439185169497508,-0.06012029089573338,-0.0833393061848567,-0.07094188782787816,-0.13854630415103997,-0.3060157970940534,-0.29504713478638805,-0.12110370248518904,-0.09744827045038562,-0.1561275080192122,-0.16831480891694675
V3_BusOnlyCarriers_HelsinkiMedium,0.5482344651109022,0.697013093602055,0.09222285239803649,0.45344813479841883,0.3701778491943458,0.4810339161674365,0.42095996675874064,-0.1968225411676889,-0.4640834274882689,-0.28778513501782477,-0.2531717862446769,-0.33103272315687526,-0.02817435204125579,0.38934063363404525,0.394858929053198,1.0,0.4803551236538124,0.4795531269743219,-0.18022279962829307,0.003493778336643689,0.32941201199361536,0.12889618818398899,0.17092946873191633,-0.09854798345605638,0.26455597124750185,-0.239722086937946,-0.010580799245044825,-0.21858010722761953,-0.08553858635380436,-0.08319320043649171,-0.260910384531393,-0.3174202809326115,-0.36916711887551,-0.1911052100348277,0.07867507449323231,-0.48684335205588636,-0.31953198779263947,-0.223917837370888,-0.3636919832439243,-0.18637176023989419,-0.41968835123597553,-0.43519328569533866,-0.3942064503075015,-0.34702272195762673,0.0737513048530617,-0.2356803093085202,-0.23604476394225307,-0.02953505455242019,-0.22186567420764053,-0.1421284899502189,-0.10076950748126466,-0.13626326939497357,-0.07163963763368725,-0.14575109877653059,-0.4672237903407316,-0.3885222457892036,-0.1191492211088186,-0.09671505417805816,-0.17858603472666476,-0.25877355505137295
V6_CarOwnership_0_HelsinkiMedium,0.9438973336319332,0.7021107258784923,0.8216156147817524,0.9380240006981253,0.8740331417669208,0.9552084051596353,0.9025692014105625,-0.1921846545554851,-0.3517928453809274,-0.3038859573547323,-0.16285314986633032,-0.3992258332166693,0.03135566260324478,0.06345665805612545,0.15572346382105456,0.4803551236538124,1.0,0.7485711931995138,-0.6034757037771773,-0.4977018095826237,0.14936725782911744,-0.27137823192559724,-0.06626195569128203,-0.44977423292778274,-0.13792808432701992,-0.4253561623126492,-0.24381702110082953,-0.30695526398123013,-0.5151924186550293,-0.2029414339193257,-0.16096282190626496,-0.21914091588175016,-0.2932614027892993,-0.19772102416543355,-0.007284109032716707,-0.2917013986910987,-0.17113211240432852,-0.10825425420125456,-0.32706345047941743,0.06084338563150244,-0.11555019014025575,-0.2936979808390891,-0.3704860359770503,-0.1795488693222564,-0.033571514698341645,-0.20901594583126487,-0.2899726559385576,-0.2327896724164456,-0.3153981952671797,-0.20167328088422376,-0.26040459419331036,-0.33734212272677344,-0.18388987360437967,-0.2923371756983231,-0.35070920991431687,-0.46770032657629707,-0.42157407707277256,-0.20551290738708425,-0.23247880630223305,-0.3332535885486902
V7_CarOwnership_100_HelsinkiMedium,0.7646636216844028,0.6456767915343005,0.6191012366590287,0.7037404258419645,0.5540856792890085,0.752646208631245,0.7304322421599322,-0.2155657970921624,-0.3773481457911121,-0.33346581809914283,-0.23112933841697406,-0.3610720904153868,-0.010644276769471014,0.10716470865750671,0.1292371705524996,0.4795531269743219,0.7485711931995138,1.0,-0.38960181837462105,-0.2784162365552952,0.12127774587833838,-0.07644612155689806,-0.04926423606625153,-0.3534646670013391,-0.06441930821422759,-0.30618527363574866,-0.14089744798746134,-0.1923572972218379,-0.2787067811728551,-0.18326687938983818,-0.17179566800548343,-0.23216037881843235,-0.2607870070104636,-0.25502177322328073,0.028114630991745056,-0.2387817471814736,-0.050402628644641935,-0.13412207577123916,-0.27082061534969065,0.04269137557600291,-0.07240089139745837,-0.30319245727832533,-0.21683925785292382,-0.09736128056964585,-0.06241045525061143,-0.08814747568598681,-0.2514415726183881,-0.15652276265274945,-0.2503153448481401,-0.17857875425614322,-0.12590637015916215,-0.2176662076699627,-0.1880570894123886,-0.24993719993684818,-0.2924027129012208,-0.380113727937286,-0.2729429884827746,-0.19822568795780976,-0.26233904489114696,-0.1668644815809087
R10_TinyRange_5m,-0.46742361985850606,-0.2733577215605759,-0.7346410956358949,-0.5491647164279574,-0.649839409327853,-0.6417416133076208,-0.70936175755033,0.20908118236716702,0.2215083985603758,0.3663172057428428,-0.02702578099769488,0.41231869049288045,-0.08368576457136256,-0.20839693968926154,-0.21766763625867877,-0.18022279962829307,-0.6034757037771773,-0.38960181837462105,1.0,0.7601208594594474,-0.023248581093099005,0.45437039253047407,-0.17312664376605422,0.6449019765173187,0.05742256825346946,0.2816998038062619,0.08123663206840004,0.05763796115098242,0.6640227392450719,0.0879374110333218,-0.03842587200593581,0.30154494917408103,-0.046194719172673954,-0.12643543272463026,-0.15015480595087108,0.028435397970074505,0.2925938683228407,0.05202850139137203,0.16196429914344918,-0.23224222157044797,0.22782627716638143,0.0286716669148656,0.6197934962982111,0.26190164227290774,-0.13197018563199234,0.17217372876448614,-0.028562197474851534,0.3369336348791014,0.13776074400574548,0.10192802556286015,0.14710266212009565,0.6453019194297088,0.14258547119793055,0.1920687754949944,0.039638654985561225,0.05896355750214288,0.7095105151124743,0.1574900273626658,-0.06391532979530427,0.5004064562859473
R11_SpeedExtremeLow,-0.292000580344056,0.1285345957909626,-0.5657284424665618,-0.4661930015089741,-0.43858399364651157,-0.43816655527118137,-0.4824422722138348,0.03599472003865851,0.08423167481977917,0.2981856160631588,-0.19767771853151278,0.27542926773475923,-0.19466739948528303,-0.05398396831568143,-0.19607678098869996,0.003493778336643689,-0.4977018095826237,-0.2784162365552952,0.7601208594594474,1.0,-0.19101677138353257,0.8598025157223906,-0.044697755738880664,0.780171582426912,0.16315068231277094,0.2891473681439982,0.33188744198477543,0.3708231630065796,0.5253034291191871,0.07677661072888053,-0.1529456666443718,-0.03602864014922275,0.12759247536697924,-0.17113258293667385,-0.018542822027351347,-0.057524430546739225,0.1431611761745381,-0.18496664223319412,0.19524143969836968,-0.23301485533872282,-0.1458089335186306,-0.0970471759197434,0.4099774626850588,0.08169930015999949,-0.11083868668986255,0.0362697269414261,-0.07065626654461857,0.18748188248444997,0.21112440827219806,-0.024158149094059375,0.059112219400155895,0.3079065595058461,0.06966928887925028,0.0933828008670077,-0.02250153012096605,0.051578145192967266,0.4335349273022501,0.06592809387583597,-0.09365917886143524,0.3096916380590056
R12_SpeedExtremeHigh,0.13852163178948715,0.03917593442410318,-0.024932939603554787,0.13804164578924322,0.050467588685334734,0.09262182852666123,0.04774950045696076,-0.0011306032474397815,-0.17933896536097652,-0.14630093998636778,-0.03546645553964358,-0.06223799482226242,0.03498434257767705,0.3241388634738361,0.5144301619014042,0.32941201199361536,0.14936725782911744,0.12127774587833838,-0.023248581093099005,-0.19101677138353257,1.0,-0.22474942384719185,-0.0942324556220839,-0.20793337529805148,-0.04657165444797076,-0.1922543365497739,-0.1572795261625241,-0.27499986189962156,0.17843414489606305,0.010386773294133726,-0.07313531961699228,-0.14192784698810607,-0.07516722293005167,-0.10088983369553531,-0.13882201952160425,-0.117259759220878,0.19755589349953542,-0.22581478635528615,-0.20015004062298752,-0.26597569391836706,0.2845929935182781,-0.048858067172349834,0.07505048216393889,0.17597443262542695,-0.1818367913458223,-0.0507896645032279,0.03417474181053748,0.09550117299586207,-0.13629563757377333,0.01871395611042445,0.0629726286733673,0.19776023845823426,-0.025418429618500372,0.01035547249516896,-0.18685288520015608,-0.07664055871022998,0.2256181866246188,0.008626952705060777,-0.09875368505027081,0.09275145162998938
R1_Rural_RandomWaypoint,-0.056134064254388556,0.4159464028995774,-0.2902539143492936,-0.2552886356195418,-0.1863479753367461,-0.16680177223995035,-0.19602831519120753,-0.13282821797850516,-0.2350956015227279,-0.08159977627868097,-0.227915966733952,-0.17879193853404937,-0.1930407425579787,0.0586505445321491,-0.10051080085471607,0.12889618818398899,-0.27137823192559724,-0.07644612155689806,0.45437039253047407,0.8598025157223906,-0.22474942384719185,1.0,-0.11184859905154325,0.47488762830572934,0.15272236361396882,0.34642666482988466,0.3697962157903562,0.4846609295031826,0.22576505242227551,0.0032582070287976578,-0.1526969020606374,0.0009522868196608486,0.04091878296262035,-0.1345599571115806,0.07473627583791793,0.008966866669230656,0.028799705002724916,-0.08313106273917362,0.20895401398678923,-0.10281693709097355,-0.31009969390401565,-0.24762160268012018,0.2075941078292204,-0.039146182277043855,-0.11034044787415964,0.02337095641761317,-0.16764697585702298,0.05173247507804462,0.18038613131059295,-0.08322166257178384,-0.06317057878645232,0.043356250017699154,-0.00023287108217127532,0.002822852830190437,-0.048639791432269194,-0.07782041311634767,0.11823408389812715,-0.003108909120922793,-0.08420145598467826,0.1360057489739919
R2_VillagesTrails_ThreeClusters,-0.027248257008564068,0.006894535890064028,-0.15351638066081516,-0.0708145687288364,-0.07109470317848786,-0.06919234464696508,-0.09553643012357066,-0.06546524504427037,-0.17275802380816396,-0.04385677888950135,-0.14428980512490647,0.0382704005110359,0.011836830377102843,0.06688934296528376,0.014399864567338206,0.17092946873191633,-0.06626195569128203,-0.04926423606625153,-0.17312664376605422,-0.044697755738880664,-0.0942324556220839,-0.11184859905154325,1.0,-0.014917469782895043,0.18202905932544425,-0.37407608800222414,-0.07881189660149213,-0.22748616441455938,0.09701225475933817,-0.0454246796022295,0.5956041751574872,0.05883828529409095,-0.12676975405255372,-0.14083497972533734,0.1456613031613659,-0.41240856130027176,-0.03523071582326474,0.07804626559261897,-0.31714998187904503,0.5573790426770123,-0.1188144929499603,-0.15505573797140176,-0.18187171827554668,0.002116425676871655,0.5564269744562388,-0.24114970890368148,-0.09290526181623958,0.015349097224394747,-0.1719183941092635,-0.09391423750914599,-0.01761467282047805,-0.06348813523646009,-0.03027066796923543,-0.06278974258492499,-0.33614067181659263,-0.14258205100866492,0.054365993783554147,-0.04946034604357884,-0.13519271754532747,-0.11636692113729732
R3_WildlifeTracking,-0.35990884581497723,-0.09269957344551738,-0.48351479250565055,-0.43312852594380585,-0.37736572294717796,-0.4254835149937127,-0.43711620524697475,0.38880570565069184,0.46896230469817096,0.6858796958173916,-0.19908362647856237,0.6029718135029598,-0.18472729897560208,-0.08984067115981771,-0.20829104883015717,-0.09854798345605638,-0.44977423292778274,-0.3534646670013391,0.6449019765173187,0.780171582426912,-0.20793337529805148,0.47488762830572934,-0.014917469782895043,1.0,0.10799016760343344,0.16781420983012182,0.23308067151659667,0.22050227634133868,0.3088837858838492,0.012220794264787569,-0.20868130723756667,-0.04799871315416314,0.19263434800246157,-0.1760166296046096,-0.11360782412730844,-0.11603118795714867,-0.11713060927036972,-0.1398777298484149,0.13929384868415717,-0.2222301287038541,-0.22294084934712435,0.030223697340681272,0.2488606617663553,-0.11115358382187941,-0.017759050846829362,0.051295011250257184,-0.0045554380145887445,0.08620418872000495,0.19527585716354748,-0.042407209215814354,0.11299388640321212,0.1867748249490415,0.06770740497462488,0.004715418747681307,0.09499290967042757,0.14611975120774875,0.2473947570058378,-0.0007462440206999396,-0.10938041681363597,0.15734524750186368
R4_ParkRangers_HelsinkiMedium,-0.06507638125890737,0.12688152145139206,-0.3154645102020648,-0.12853585205017531,-0.14200208776673487,-0.13020093009099729,-0.15730832911166032,-0.03141454900166474,-0.2239601792831852,-0.0903402016458114,-0.17088048066779962,-0.08994697255854966,-0.0238970612465797,0.7795185843936653,0.750167381430551,0.26455597124750185,-0.13792808432701992,-0.06441930821422759,0.05742256825346946,0.16315068231277094,-0.04657165444797076,0.15272236361396882,0.18202905932544425,0.10799016760343344,1.0,-0.09599528405882722,0.03944185785925156,-0.09543550521806164,0.09799464107731827,-0.01623004522855301,-0.22783261847103312,-0.24579331567194151,-0.22204293329813174,-0.1406284299485183,0.8677075183352629,-0.32679117505044697,-0.19399050940453166,-0.15860800305727416,-0.19338520004922055,-0.16379858556362262,-0.2977663731165491,-0.2319219478632383,-0.17983479745422284,-0.2622711697125321,-0.008641146667309682,-0.14503491802016472,-0.10566740454791239,0.035435151250617795,-0.07420956903658033,-0.07288644542340393,-0.012772891896370184,0.005280188650051898,0.003967280121822024,-0.04968114992176501,-0.25513717981420253,-0.15759958074666458,0.051054123341150136,-0.029416988457052217,-0.10706931243705133,-0.095512364088909
R5_MountainRescue,-0.3870787433366668,-0.17716959218174028,-0.2746414535549682,-0.24277480701717022,-0.25456414942688305,-0.3677482891042133,-0.28889233308979073,-0.03790701493478614,0.3783425836429986,0.1742476530922341,0.019856202286333596,-0.013113324347780583,-0.13994944708877088,-0.23816067439822014,-0.22500543399544373,-0.239722086937946,-0.4253561623126492,-0.30618527363574866,0.2816998038062619,0.2891473681439982,-0.1922543365497739,0.34642666482988466,-0.37407608800222414,0.16781420983012182,-0.09599528405882722,1.0,0.06890169574018143,0.7217065320480592,-0.07658968546999387,0.06140394426402115,-0.19350855377529388,0.22285330345495077,0.5672020022971369,0.22209309949800393,-0.2580772067493396,0.825807447241673,-0.23268525273374224,0.02280370918942064,0.8646889062132013,-0.3393394452881698,-0.2976882199373592,0.6162339134355659,-0.03418037699632469,-0.2814018393439954,-0.20208497352896093,-0.11007379729589752,0.6416938325013393,0.014455846828380066,0.7665179380022997,0.28817276085491345,-0.21734647927188666,0.1285205541200188,-0.024580329017101905,-0.03477331689016165,0.7325709487706834,0.6160757301515537,0.04092376764132086,0.02599733960278723,0.1457154827672044,-0.061295317129884584
R6_SparseLongRange,-0.2746809103698357,0.08080326103718548,-0.24390099641380342,-0.4201598905799202,-0.19025913438530814,-0.147787678540365,-0.0686995588842153,-0.04898414182513142,-0.059796489118229865,-0.07316136970846855,-0.22483295935585343,0.04200213021921737,-0.13193802604221463,0.1905601894410786,-0.08386538922675124,-0.010580799245044825,-0.24381702110082953,-0.14089744798746134,0.08123663206840004,0.33188744198477543,-0.1572795261625241,0.3697962157903562,-0.07881189660149213,0.23308067151659667,0.03944185785925156,0.06890169574018143,1.0,0.19990086835615006,0.2379275084958835,0.7254672817057293,-0.15722283507953663,-0.0927803201533214,-0.09653953816104972,-0.11578683596930818,-0.051757282707128954,-0.16612947053839291,-0.11269190636730914,-0.1374132236800845,-0.12622065975229613,-0.17096625341106744,-0.25190053080264524,-0.3171887962077242,0.008792437315408814,-0.14456647956499966,-0.08856079096631558,0.4659824529415703,-0.13031108272847156,0.0010882134003825275,-0.12683696658864663,-0.054581537144237385,0.5309960043204794,-0.16831463976801522,-0.032373494423014924,-0.04883827436982232,-0.013909057702916556,0.1094063656494547,-0.20018051141315443,-0.0358415724273903,-0.012089903604752076,0.10132476768264116
R7_SparseTinyBuffer,-0.2409545416417632,0.004425343208379036,0.004174692311234299,-0.20636413897660874,-0.14368124299064494,-0.2620608322497706,-0.13000080977309528,-0.13656129649611778,0.25847579578734065,0.14485223351804627,-0.03670067830928197,-0.01428384876486921,-0.16639876576087134,-0.10994434001050375,-0.24828853375289936,-0.21858010722761953,-0.30695526398123013,-0.1923572972218379,0.05763796115098242,0.3708231630065796,-0.27499986189962156,0.4846609295031826,-0.22748616441455938,0.22050227634133868,-0.09543550521806164,0.7217065320480592,0.19990086835615006,1.0,-0.0051191976349693686,0.020468418532711075,-0.17869747020444748,-0.0675594754802036,0.5891844372265314,0.14437529426027645,-0.1480922445976377,0.5823947496713924,-0.0015471019162150046,-0.20016650088338772,0.8013328776482086,-0.2692622213113563,-0.3376569765958256,0.4744770425232595,0.14233186268171572,-0.19919181485339751,-0.1912783046323938,-0.0088185842807375,0.6767309978646995,-0.4767061421844222,0.8529206432723486,-0.2536335748814432,-0.1623411012515418,0.12242349903702074,0.08463452456809256,-0.0699230933720525,0.7805642149636544,0.46830019032941567,-0.16755383244145358,-0.006933724221742154,0.09685964055047926,0.25238756671807333
R8_IntermittentPower,-0.4271435235295733,-0.24641958335962544,-0.6280004870282497,-0.5740873717113577,-0.5907149768741888,-0.5225355848130689,-0.5464723259068373,0.10463185511193226,-0.059305721065567814,0.026572719879329024,0.002493748939184651,0.3632787721206892,-0.027967905898360467,0.011119708954042769,-0.13400376244021894,-0.08553858635380436,-0.5151924186550293,-0.2787067811728551,0.6640227392450719,0.5253034291191871,0.17843414489606305,0.22576505242227551,0.09701225475933817,0.3088837858838492,0.09799464107731827,-0.07658968546999387,0.2379275084958835,-0.0051191976349693686,1.0,0.23300800899177948,0.053696397162946115,-0.1462526919977843,-0.03447656615479357,-0.09477576572921267,-0.06578939021181401,-0.19464723503081346,0.5944524647107331,-0.3596393464113217,-0.1366139122474058,-0.3348661814911652,0.41890373345767634,-0.043468308215244285,0.6256831810666695,0.4980621725745328,-0.16652422886721413,0.28900774989973377,0.09230557462028556,0.27686273421099716,0.004312736401907323,-0.017387433766976625,0.5018965978854183,0.5884188796958453,0.22522893437650932,0.2790205830563381,-0.05726899241903963,0.19809862826002198,0.7359863349271671,0.22340323622558556,0.010464358131985091,0.6750797062442899
R9_ExtremeRange_200m,-0.208469055057241,-0.16424425786282473,-0.2362752411728941,-0.22753148535752935,-0.21752030698618796,-0.26060221769790215,-0.23791499174794714,-0.001015900632269131,0.013773112705251736,-0.00925256200009868,-0.06203480999699606,0.03600697744857086,-0.043843496263193,-0.0780943292897228,-0.05939114267908171,-0.08319320043649171,-0.2029414339193257,-0.18326687938983818,0.0879374110333218,0.07677661072888053,0.010386773294133726,0.0032582070287976578,-0.0454246796022295,0.012220794264787569,-0.01623004522855301,0.06140394426402115,0.7254672817057293,0.020468418532711075,0.23300800899177948,1.0,-0.05472737442373919,-0.06831150348495958,-0.03991859222295042,-0.08667160282573877,-0.07782659408020692,-0.020195805609929927,0.1422379388840855,-0.1269683385337345,0.053182384103878336,-0.143849868936619,0.1078716293705205,0.055630154987848617,0.196326396028304,0.09704818181142674,-0.10705051605485004,0.022016386251742934,0.08265602535929309,0.06194725456909588,0.0033704129033969815,0.03593336196516229,0.11866338784990689,0.20799367117443732,-0.001282536043264706,0.01731225114885501,-0.02374533431369937,0.12910810544939244,0.16879383142298576,0.0032636157693191987,-0.06066316375876239,0.1199852948581855
D1_ShelterHotspots_Clusters,-0.16222604188714676,-0.28539819866328814,-0.04907491639622046,-0.1657328128756112,-0.16914365698031905,-0.1930961573261829,-0.21608383468721348,-0.02701695404871414,-0.12393095471856266,-0.13748049793126843,-0.03195907473547069,-0.06328971467590361,-0.01996856844206857,-0.25698050145163,-0.23255534841124065,-0.260910384531393,-0.16096282190626496,-0.17179566800548343,-0.03842587200593581,-0.1529456666443718,-0.07313531961699228,-0.1526969020606374,0.5956041751574872,-0.20868130723756667,-0.22783261847103312,-0.19350855377529388,-0.15722283507953663,-0.17869747020444748,0.053696397162946115,-0.05472737442373919,1.0,0.5110089801521492,-0.11747226309361485,-0.0956620508258902,-0.04556686876989601,-0.03842975815858149,0.2681699925036648,0.3371424782563114,-0.11293629244038855,0.8076636467728474,0.2979390905139169,-0.03364173653414898,0.16523065815590565,0.3995564174907217,0.6550681183093126,0.01404190365375777,-0.10393630072555823,0.024334997111288763,-0.14026975132540576,-0.03224879419956912,-0.01201870049853494,0.09323054058830811,-0.07791285280508782,-0.04738122248007102,-0.10493597986792182,-0.1250928489204778,0.10725259028910591,-0.043032680944809394,-0.13791629963526475,0.11515036421315804
