,U1_CBD_Commuting_HelsinkiMedium,U2_SparseSuburb_HelsinkiMedium,U3_MicroMobility_HelsinkiMedium,U4_CongestionHotspot_HelsinkiMedium,U5_WorkdayShort_HelsinkiMedium,U6_OfficeWaitHeavyTail_HelsinkiMedium,U7_HighTimeVariance_HelsinkiMedium,C1_Campus_ClassChange,C2_ExamDay_LongStays,C3_Hackathon_24h,C4_Stadium_IngressEgress,C5_Library_Quiet,C6_EmergencyDrill_Evacuation,V1_TaxiLow_HelsinkiMedium,V2_TaxiHigh_HelsinkiMedium,V3_BusOnlyCarriers_HelsinkiMedium,V4_CarOwnership_0_HelsinkiMedium,V5_CarOwnership_100_HelsinkiMedium,R10_TinyRange_5m,R11_SpeedExtremeLow,R12_SpeedExtremeHigh,R1_Rural_RandomWaypoint,R2_VillagesTrails_ThreeClusters,R3_WildlifeTracking,R4_ParkRangers_HelsinkiMedium,R5_MountainRescue,R6_SparseLongRange,R7_SparseTinyBuffer,R8_IntermittentPower,R9_ExtremeRange_200m,D1_ShelterHotspots_Clusters,D2_PartitionedCity_MuleBridge,D3_Aftershock_ErraticMobility,D4_MedicalTriage_TwoClasses,D5_UAVMule_FastRoute_HelsinkiMedium,D6_ShortTtlCritical_5to10min,D7_HighLoad_TrafficStorm,D8_InfrastructureReturns_BackboneLinks,D9_Critical_1minTTL,S1_StrongCommunities_SeparateClusters,S2_WeakCommunities_HighMixing,S3_PeriodicMeetings_RegularRhythm,S4_RandomMixing_NoHotspots,S5_TwoLayer_StudentsStaff,S6_FamilyGroups_SmallPersistent,T10_HighRateLowSpeed_Congestion,T11_TTL_1min,T12_TTL_Infinite_Buffer200M,T13_Buffer_256k,T14_Buffer_200M,T15_TransmitSpeed_256k,T1_ManySmallMsgs_HighRate,T2_FewHugeMsgs_LowRate,T3_MixedBimodal_SmallAndLarge,T4_VeryShortTtl_5to10min,T5_VeryLongTtl_6to24h,T6_UniformSources_RandomFromTo,T7_TargetedToHubs_FewDestinations,T8_BurstTraffic_TimeWindows,T9_BufferStress_SmallBufferHighTraffic
U1_CBD_Commuting_HelsinkiMedium,1.0,0.8173730058843509,0.8081904784238586,0.597293019660858,0.8100177509261474,0.561589255861858,0.538451416955371,-0.19003091700921976,-0.3610925226198056,-0.40325429259554585,-0.2839735118947704,-0.36536800019821836,0.012427361244740795,0.08848553878744883,0.1940846593345786,0.28400107779461387,0.562576100481348,0.7755283662933948,-0.4605408655018709,-0.3028838451732671,0.14121057974024268,-0.07734656742365495,-0.015534983181823262,-0.3490073774774168,-0.05607222737528856,-0.30707570010762675,-0.22190637896193824,-0.26930324884865586,-0.3918053170923378,-0.19886504744397585,-0.15974620427846156,-0.23514772273999787,-0.1645816097349575,-0.32309227524859746,0.06278431596879915,-0.19484637335491659,-0.039174419341659904,-0.134638799570552,-0.08542877348317617,0.07878365502082565,-0.12075595662998982,-0.24075008089177674,-0.29549902443878723,-0.17917842763805655,-0.03926217867525517,-0.3424875069890009,0.02231501263934646,-0.33169353274570706,-0.2912603086341046,-0.3175924714674897,-0.2696496098552472,-0.31793399451198745,-0.1661925104815634,-0.36209306190553414,-0.32429795140301915,-0.3593314628548331,-0.3019019627626383,-0.3475229755165996,-0.381122715261289,-0.30446485051272004
U2_SparseSuburb_HelsinkiMedium,0.8173730058843509,1.0,0.4960643254734498,0.4520102230269636,0.6474513442658062,0.4586380337164622,0.4333814740376289,-0.2742354685987302,-0.5259876165876725,-0.44553224851415363,-0.49901009017119907,-0.40191922913633626,-0.09138724578795254,0.30677432689284473,0.30673752838469487,0.4503784002842225,0.46102257193723695,0.6545655370177436,-0.21507557483813258,0.14007966757631718,0.07631643260387382,0.40567965328211325,0.03722839828841159,-0.07572667736287154,0.17711906858494245,-0.1655987269458914,0.0973770067999591,0.06499371889081283,-0.17689905629938368,-0.1397674345673638,-0.2622017923531242,-0.28601367204597455,-0.267469870246921,-0.38983768366172944,0.11679795115006358,-0.3574826739145171,-0.2779949031166108,-0.2141708247965736,-0.19706230868439828,-0.07680132937678576,-0.4106365190304642,-0.4911048473182827,-0.3000760118484025,-0.2786283097809036,-0.027019147356279968,-0.2276902854952955,-0.13772601824424432,-0.2930087174460692,-0.22983591518010663,-0.3250664890921146,-0.1693105624676812,-0.2816664398954015,-0.13725583661686916,-0.28649653314637563,-0.3947832219266813,-0.4005939199705919,-0.26377946432877236,-0.2765441793526571,-0.3535811042299084,-0.22236282830026677
U3_MicroMobility_HelsinkiMedium,0.8081904784238586,0.4960643254734498,1.0,0.552297216699585,0.7411287540646526,0.5323465620932797,0.5705639627353439,-0.1663061163864733,-0.15932282176623927,-0.285029771110834,-0.08660041037174697,-0.3058926773794848,0.04567706930480582,-0.0578098053365971,0.02052927684849054,0.009471682975920487,0.5525450874597347,0.6340413893445244,-0.6604146328781477,-0.47420863028310273,-0.023762852036084765,-0.2014380548458989,-0.12513663141119882,-0.44001114341875525,-0.2677237231341137,-0.23287922679263157,-0.21821861302408804,-0.15908864916066554,-0.5477835043618305,-0.21838233999863818,-0.0373247588565442,-0.1523751682828397,0.0792420412650562,-0.11963754150434357,0.03726183148741455,0.08360318381939212,0.3830730338343824,-0.05563750426470374,-0.1345361678694274,0.2315830885357127,0.10051346920218394,-0.004419606521492968,-0.14630396949697888,-0.05897005156933461,-0.07032625466377465,-0.19207157484099482,-0.051830857288670096,-0.4809400142884367,-0.14394491938605308,-0.3068796882675499,-0.22241094875479753,-0.39037778904793147,-0.19056074863989647,-0.3940047940357265,0.02769316340457256,-0.204673505644718,-0.5246072568449666,-0.37665576884940993,-0.23037732663189875,-0.19082509784320034
U4_CongestionHotspot_HelsinkiMedium,0.597293019660858,0.4520102230269636,0.552297216699585,1.0,0.5777310808545661,0.9550124248778226,0.9335499614279686,-0.320206083661958,-0.37769086329934787,-0.041946791363639324,0.26750029295951633,-0.46228390673610553,-0.10092941583039339,-0.06320642584681592,-0.008851349945652521,0.5254414665800441,0.9622139401462716,0.3700080913308818,-0.6676538120325501,-0.5271296239538776,-0.07805172093606301,-0.2372524522119597,-0.20406605399598618,-0.5152546612656983,-0.19793998360815332,-0.27794869584715637,-0.3652862317481889,-0.40354788082259313,-0.6364097665138465,-0.35201347527831284,-0.36861197969570686,-0.31402120189692956,-0.2652524470370763,0.267469802882395,-0.13999204862512454,-0.21601069555267408,-0.07384492632916986,-0.03164536573077975,-0.13829677040252822,-0.12930425768331943,-0.3405555171963663,-0.26304803032409013,-0.5368993108888107,0.010175448243829521,-0.18109750931702437,-0.4017785525029355,0.011030190277879907,0.13235394365996414,0.08536637483145408,0.16999589163063736,-0.4141858800960949,-0.4369564804860498,-0.2544239639478675,-0.13357673636637685,-0.25842940343080906,-0.45014486380548324,-0.575278966024736,-0.08274245527984123,0.2509669087294246,-0.4492966948059069
U5_WorkdayShort_HelsinkiMedium,0.8100177509261474,0.6474513442658062,0.7411287540646526,0.5777310808545661,1.0,0.5905846428789344,0.5470372701262597,-0.19311745747693393,-0.23702024679265588,-0.28329595633467936,-0.24252028592406885,-0.3100861943111351,0.0015033634013367073,0.07207851604826483,0.1456004240141391,0.2370128660918091,0.5956913151242915,0.5669936124291509,-0.586885578138508,-0.36334115056093635,0.04983017069014282,-0.11305294883472794,-0.05119230287457084,-0.33810657224828666,-0.10104009077428892,-0.22570981069335216,-0.15705928812914421,-0.31585314449583807,-0.5173652837691817,-0.19964543148860955,-0.15105110752448825,-0.24238962435249736,-0.033660543714434284,-0.16206554404821302,0.01775850807333441,-0.10489638916662704,0.03799681830280598,-0.1560627403854091,-0.1079252745564428,0.04219952066513467,-0.2529811152047348,-0.15930205595392788,-0.43577205283223086,-0.2007698036687365,-0.023771605373093585,-0.34504593701291725,-0.05764178657834066,-0.2593851567405638,-0.22026879463568855,-0.14719721013330095,-0.25079718838901893,-0.5062882511306781,-0.12374445131986861,-0.3976466038657828,-0.21219899789906274,-0.23085967210335534,-0.4737738185627137,-0.373998551809931,-0.23282287450490158,-0.4357343395506891
U6_OfficeWaitHeavyTail_HelsinkiMedium,0.561589255861858,0.4586380337164622,0.5323465620932797,0.9550124248778226,0.5905846428789344,1.0,0.9828794437324322,-0.29530946783253276,-0.38844893867217706,-0.06766064044810018,0.21878627292268318,-0.42744881536846224,-0.09722196041340862,0.0034347647167650985,-0.004931195123886465,0.5332097139933832,0.9635480930317581,0.37850613440833514,-0.6794627015263895,-0.5255438284644929,-0.07898566096663996,-0.2343782436760426,-0.20010059568347657,-0.49758056887762425,-0.19715751038217078,-0.3436744554178844,-0.24160071376892753,-0.46716569920959,-0.6055209199253098,-0.3413087711305832,-0.3593871712365815,-0.3150051201847294,-0.3057356176751524,0.25249725667484757,-0.13510638418088727,-0.27876150887698015,-0.16984428451054592,-0.03314530362430812,-0.3373173926298445,-0.1233472902230549,-0.38490440434050605,-0.38124709860245076,-0.600975050214646,0.01613350940519196,-0.1716564965782826,-0.2550592987819456,-0.26038392964651846,0.22995148955475955,-0.011414873178392314,0.3160559864813568,-0.17500639375354565,-0.5728677992732163,-0.285255359955303,-0.1322867045320729,-0.32918228738601935,-0.43053291429097545,-0.631607486219812,-0.08216256530651869,0.2894514491465149,-0.496495886142773
U7_HighTimeVariance_HelsinkiMedium,0.538451416955371,0.4333814740376289,0.5705639627353439,0.9335499614279686,0.5470372701262597,0.9828794437324322,1.0,-0.2827085943926354,-0.3255198806874599,-0.05242579958041288,0.19983352776867225,-0.41194016586729953,-0.10450352935215697,0.011183333305365268,-0.021858342019003434,0.4978315015530093,0.9446299788886299,0.37679111287191186,-0.7263283281897888,-0.5534104213917087,-0.10717001060767051,-0.2521092361973376,-0.21688926838596823,-0.49814378656760366,-0.21424410788901582,-0.26616493539239955,-0.19549294227415367,-0.41334596797548784,-0.6354203975492599,-0.31929756222716155,-0.36927651200012573,-0.3230320399014608,-0.2319331459850654,0.2888755436280333,-0.15341266041419999,-0.19991523324483504,-0.0754663265515608,-0.0493020268866174,-0.3486318115289839,-0.13884633386657896,-0.3995145292628476,-0.30657459678363147,-0.6043476953976651,-0.018718640548626233,-0.17388869111965116,-0.22030991617144577,-0.268205642396899,0.153539719557682,0.04898697749397598,0.29991245574726066,-0.14664739289763004,-0.5916009067279728,-0.29224600951456087,-0.17116012712361556,-0.19890232279378264,-0.34543404282390017,-0.7067958323881334,-0.11954072123502166,0.3096399540343989,-0.48255576310533965
C1_Campus_ClassChange,-0.19003091700921976,-0.2742354685987302,-0.1663061163864733,-0.320206083661958,-0.19311745747693393,-0.29530946783253276,-0.2827085943926354,1.0,0.20861746456302027,-0.028656709042222565,-0.05057454578579632,0.18446357013998935,-0.018289293330290498,-0.1334370438705778,-0.15945877250795323,-0.24332019302707208,-0.27076195271049913,-0.17696008044156833,0.22041895293434546,0.055495591348474635,0.008001597412540206,-0.12374843997022585,-0.04901184831224368,0.4118694649777242,-0.03794773658922987,-0.03847559532561432,-0.03160504928457335,0.11955484692334366,0.12350962711171566,0.009861629643466895,-0.014964621934655154,0.074077834082117,-0.05500584795577394,-0.14707876153625346,-0.08346605753760608,-0.021801156348547537,-0.061469418745108084,0.011445564388799977,-0.013577323577543087,-0.033505764345559255,0.2547797552807743,0.11246656537332593,0.26620703698335346,-0.022530826015131695,-0.050955591961056285,0.09321221488181629,0.05773941019498196,-0.017147299912571794,0.1312986324206354,-0.053757365851872956,0.3199461990596425,0.08805479354604864,0.2476351124635215,-0.019907400982042234,0.14396145670514512,0.2742407156887558,0.19300364273380247,0.011958974067949275,-0.14552697352265612,0.06887192375555082
C2_ExamDay_LongStays,-0.3610925226198056,-0.5259876165876725,-0.15932282176623927,-0.37769086329934787,-0.23702024679265588,-0.38844893867217706,-0.3255198806874599,0.20861746456302027,1.0,0.7386860088738911,0.03571009759524201,0.8431036456654466,-0.04664183854974769,-0.33581071513262833,-0.34052871806355073,-0.4686378365110034,-0.43345638972379325,-0.3263757322932061,0.24332028077726933,0.10586405842229882,-0.1487584018709129,-0.2254203181556358,-0.15375847188313876,0.5184869317250457,-0.21910338960926076,0.414816163171633,-0.0242189704644407,0.013623414421899545,-0.010064144091994597,0.039502677909147646,-0.07220751759138433,0.07711577869470035,0.6547826583266029,0.11993728357874303,-0.2810976099875342,0.4955178385922872,0.32192523495843306,-0.056546629155794434,0.37011346831501013,-0.15638468859602256,0.05862925200403215,0.6814740628319117,0.146114064071316,-0.1633427152814174,-0.030231618826819583,0.06274242889075293,0.18242040569764353,-0.024114956110877953,0.13321428794718598,0.13007400928219093,-0.015301510571253564,0.07091673589721972,0.04366245289850037,-0.08194174888046893,0.5815803966207569,0.5794326023487428,0.07063660657564257,-0.06281469920529434,0.08917648856199359,-0.0130865323230218
C3_Hackathon_24h,-0.40325429259554585,-0.44553224851415363,-0.285029771110834,-0.041946791363639324,-0.28329595633467936,-0.06766064044810018,-0.05242579958041288,-0.028656709042222565,0.7386860088738911,1.0,0.44105259546265285,0.7521534854121765,-0.11480230375785277,-0.27080083235063357,-0.29773432649501463,-0.20231855269958823,-0.06972095272155188,-0.4026230221509072,0.200246747011984,0.1361454509848732,-0.1992280294436669,-0.15306422579074183,-0.12213869520769044,0.4859812430323231,-0.15780409847401614,0.13236526804768353,-0.08099139335177213,-0.027842204350145477,-0.05497925771456052,-0.06989519100076491,-0.21235971351729954,-0.03826542492366399,0.3105929154855937,0.12507265711912696,-0.27519576929176137,0.09296674335143729,0.0028477414092953146,0.05116559520666995,0.16429177015545932,-0.21616107076857752,-0.08767051429105711,0.3040795137064849,0.06600768713584099,-0.29691700320409786,-0.05168632873487436,-0.001152587895208724,0.08441351272544256,0.19541857645373886,-0.0484516568394561,0.21735746345404014,-0.15021528201363238,0.08566952336524986,-0.06606914875333705,0.22075058657831767,0.24828257237276188,0.1403999527090105,-0.02028722882254942,-0.13873806806226494,0.49917601546223656,-0.01399435790671857
C4_Stadium_IngressEgress,-0.2839735118947704,-0.49901009017119907,-0.08660041037174697,0.26750029295951633,-0.24252028592406885,0.21878627292268318,0.19983352776867225,-0.05057454578579632,0.03571009759524201,0.44105259546265285,1.0,-0.026992742878523428,0.0050430661947467,-0.3576922612446554,-0.3071287460967683,-0.18917911047780156,0.2371794069952989,-0.2708585564983605,-0.10193911204228644,-0.3234411469722327,-0.057877511082549106,-0.372605859583067,-0.20604849283031956,-0.3001755627101463,-0.30935633774993704,-0.11756926531179362,-0.30531904697196655,-0.20330814882778908,-0.030323087010807135,-0.06573035442122092,-0.0023396567886052625,-0.014654026732800862,-0.0010467102908820185,0.269730971495809,-0.19188641555016236,0.10953576922677812,0.19500692301139053,0.1532820256153239,0.07608338478128894,-0.06438101872859162,0.321392571485931,0.17721300181836422,0.10675556833417875,-0.013833377180940649,-0.20622185395640424,-0.020011463186391777,0.1342277221475588,0.4020771448210696,-0.14922467729637426,0.34886966529052554,-0.08316219353131664,0.14222532387776815,-0.04422627071481196,0.5027838080118071,0.05386311343154971,-0.02196320471292494,0.08729458382000985,-0.09678127026832402,0.8122345848819632,0.09544829480042447
C5_Library_Quiet,-0.36536800019821836,-0.40191922913633626,-0.3058926773794848,-0.46228390673610553,-0.3100861943111351,-0.42744881536846224,-0.41194016586729953,0.18446357013998935,0.8431036456654466,0.7521534854121765,-0.026992742878523428,1.0,-0.03842192660090232,-0.17948279597175837,-0.2398362909624315,-0.33804898190028426,-0.44810122112863904,-0.28870948339419883,0.44733419566288596,0.3493034180855602,-0.05414142850193913,-0.10296007727699744,0.06270783495530335,0.7177137041143583,-0.05696375834759808,0.036293470743305044,0.05266835152466771,0.08000214601531183,0.318842687877481,0.0366875137744263,-0.03628927729721427,-0.055968690417955616,0.41398689527511695,-0.10159457447610105,-0.1630186811093813,0.04674138376280092,0.006240222534072742,-0.1647297457348672,0.06202793817269633,-0.14371025476768168,0.16082420724321767,0.3381701626186002,0.32254046813914755,-0.07947412634746326,0.03260126150196639,0.1583887547970789,-0.050284983361300425,0.0269975048179714,-0.06351884279449893,0.02422443972579677,0.19116571897685186,0.22066385677074424,0.051058331994925606,0.08781321551998124,0.21012683192775042,0.3238723608981373,0.29822356271415573,0.09023025927727811,-0.0001255458780117675,0.18698258583500513
C6_EmergencyDrill_Evacuation,0.012427361244740795,-0.09138724578795254,0.04567706930480582,-0.10092941583039339,0.0015033634013367073,-0.09722196041340862,-0.10450352935215697,-0.018289293330290498,-0.04664183854974769,-0.11480230375785277,0.0050430661947467,-0.03842192660090232,1.0,-0.004303562152781177,0.01094864259244472,-0.08771291358159285,-0.09210350810815547,0.016061645563222038,-0.035974508289753016,-0.15604555195107184,0.05554585219402332,-0.1753385038305423,0.035336934558239524,-0.1597971035149808,-0.017742928843961895,-0.1186645244428169,-0.11425906011471022,-0.1129500942732336,0.024056922398836705,-0.0249070765129624,0.004031525111141528,-0.000484983777130087,-0.07262896800057027,-0.11590327899102028,0.04522025095367123,-0.013934342861955933,0.023989782879191714,0.05187845887684395,-0.05552612856153086,0.0956115002025865,0.17011219422181445,-0.00492478962512022,0.055202571467118,0.014298048572883786,-0.02758273204439798,0.05411283552415973,-0.01943373113007365,-0.08174541945352848,-0.11805884306693157,-0.08664416515819244,0.05968707334336848,0.06776598609364166,-0.04306220183910162,-0.033585838803990596,-0.04337238494431494,-0.05920688635522551,0.052261904550011895,-0.03409447933185423,-0.11169215654107194,0.06662507011373103
V1_TaxiLow_HelsinkiMedium,0.08848553878744883,0.30677432689284473,-0.0578098053365971,-0.06320642584681592,0.07207851604826483,0.0034347647167650985,0.011183333305365268,-0.1334370438705778,-0.33581071513262833,-0.27080083235063357,-0.3576922612446554,-0.17948279597175837,-0.004303562152781177,1.0,0.9403604259157974,0.28390457049979007,0.008138878873251501,0.13657917422612184,-0.13079168265416544,0.0212259992953087,0.3564361874180559,0.11696160288536536,0.1063642689092879,-0.04774328817887686,0.8247995559237454,-0.19332939211936212,0.13840735138759025,0.017561022559158247,0.037074461310931,-0.05350106023948696,-0.226378950759343,-0.26792810052730853,-0.2502575732063286,-0.275836386573836,0.7194966742756423,-0.370852110123163,-0.28885949895348895,-0.20226464246015982,-0.3897209136203061,-0.17296388888189518,-0.2755821537660817,-0.3938761680325429,-0.2258007871103251,-0.20208381726675861,-0.039729006941667595,0.03529430312508083,-0.24006151441625945,-0.19116679668953623,-0.13456274685079297,-0.17386946527126637,0.2108948968894922,-0.11902871774261961,-0.03943999784863577,-0.14393807973178852,-0.2491680030821681,-0.22011444559479978,-0.16790659210380787,-0.13356062799137186,-0.18682285163317575,-0.04290560823312236
V2_TaxiHigh_HelsinkiMedium,0.1940846593345786,0.30673752838469487,0.02052927684849054,-0.008851349945652521,0.1456004240141391,-0.004931195123886465,-0.021858342019003434,-0.15945877250795323,-0.34052871806355073,-0.29773432649501463,-0.3071287460967683,-0.2398362909624315,0.01094864259244472,0.9403604259157974,1.0,0.2582191155414826,0.005289928654424923,0.1679097578890566,-0.16803036440983454,-0.04947532527383578,0.4841785143655342,0.0677274072735894,0.06455251370516452,-0.13506833511336058,0.7772253120684053,-0.1888007070408515,0.0055375581618534635,-0.08956322111284608,-0.0558814399630872,-0.04594664841903158,-0.22388179722715543,-0.25032442739357974,-0.1909120163363923,-0.2864463631978454,0.7240479854335276,-0.2815071359199334,-0.22236271033296032,-0.1759356440925908,-0.16530764497459943,-0.12955071844079383,-0.20469607584145644,-0.299345252132,-0.2318024405278881,-0.16652549558863242,-0.08297327409916838,-0.15162727670069975,-0.012357862868555452,-0.17644497281440408,-0.16713737936591516,-0.20867956667055337,0.004914881553652284,-0.10277578253122456,-0.06229181825911617,-0.16803849675988186,-0.3026270455164078,-0.24912599977948277,-0.0974402202944,-0.16028932527518974,-0.25010736480729784,-0.12707728942927266
V3_BusOnlyCarriers_HelsinkiMedium,0.28400107779461387,0.4503784002842225,0.009471682975920487,0.5254414665800441,0.2370128660918091,0.5332097139933832,0.4978315015530093,-0.24332019302707208,-0.4686378365110034,-0.20231855269958823,-0.18917911047780156,-0.33804898190028426,-0.08771291358159285,0.28390457049979007,0.2582191155414826,1.0,0.5405581198138305,0.22992558849130929,-0.29827571915252393,-0.14207453529032715,0.15451717816516244,0.017449686740694356,0.0381172417996648,-0.19685512089419507,0.14477704307629377,-0.2804877499914127,-0.060386648079136705,-0.2234785340556181,-0.21336412878158934,-0.16228613582757265,-0.3501191965389034,-0.3455705894988478,-0.42979955836919637,0.3079765422684105,-0.03102926126478441,-0.5032347441635665,-0.4568842811701375,-0.07025101793353522,-0.284335252674365,-0.258348493837212,-0.4921897683992784,-0.4915153289919042,-0.4850105998471804,0.08906997415423305,-0.025516555323564446,-0.26570830522441924,-0.10157861953003758,0.15669048665843535,0.16414546195318602,0.08910550227038848,-0.12695474992227548,-0.2385193358194281,-0.1544118976712297,0.14748074449238785,-0.4427637732365881,-0.4358336387125634,-0.29165176677932425,0.19501721930656224,-0.049922894006204574,-0.3085758016063266
V4_CarOwnership_0_HelsinkiMedium,0.562576100481348,0.46102257193723695,0.5525450874597347,0.9622139401462716,0.5956913151242915,0.9635480930317581,0.9446299788886299,-0.27076195271049913,-0.43345638972379325,-0.06972095272155188,0.2371794069952989,-0.44810122112863904,-0.09210350810815547,0.008138878873251501,0.005289928654424923,0.5405581198138305,1.0,0.3742950704909115,-0.6726225206000952,-0.5109790648697718,-0.06786179383288664,-0.23006574884104697,-0.18117691775388747,-0.4780412735025679,-0.18567245857091466,-0.39721212395065447,-0.2221781268727543,-0.3285378682523334,-0.5738705539412667,-0.27136464190908544,-0.34681700734118875,-0.32284269149672823,-0.3791873726448225,0.2079856237751247,-0.1231672436703101,-0.3563694165061412,-0.14359547247578652,-0.042074192950206486,-0.35139447692462283,-0.11754896312996556,-0.29154072685324817,-0.39895529226716675,-0.46040869137203033,0.030469844512196406,-0.16351162214342022,-0.26470417426255466,-0.15496430055185298,0.06637953558099476,0.06151060648616437,0.11212972841984079,-0.24614210196702635,-0.41483652574015695,-0.28606391285593824,-0.11705753540438718,-0.29903368546998566,-0.5242413231712395,-0.6210218636260243,-0.06797091983882057,0.23359521699891855,-0.3470819972332101
V5_CarOwnership_100_HelsinkiMedium,0.7755283662933948,0.6545655370177436,0.6340413893445244,0.3700080913308818,0.5669936124291509,0.37850613440833514,0.37679111287191186,-0.17696008044156833,-0.3263757322932061,-0.4026230221509072,-0.2708585564983605,-0.28870948339419883,0.016061645563222038,0.13657917422612184,0.1679097578890566,0.22992558849130929,0.3742950704909115,1.0,-0.2841760222023763,-0.22100784234104703,0.1631868358565908,-0.06291039859675951,-0.0017152410337359632,-0.30639548193284744,-0.029392980583161893,-0.25672133747035597,-0.1235983942249864,-0.14250687788580477,-0.16975868904256736,-0.14640046730486106,-0.134272626531781,-0.17189729085090158,-0.18906493431339796,-0.33867580459584395,0.06395687273127355,-0.16839176153187396,-0.037473833094953515,-0.08565800973639577,-0.20771024285735615,0.07848567822752837,0.0038573754988365785,-0.24437283002573204,-0.13064853829318498,-0.13148348383005748,-0.048444158899695326,-0.06811925429411793,-0.11511886172243259,-0.3342116258589453,-0.27536477780400054,-0.30638649666656315,-0.016117646887353704,-0.147624287173688,-0.16310188769563716,-0.2635644952423915,-0.22514590505504803,-0.28725535269429114,-0.18627613998606327,-0.25895607702183665,-0.3467871605973049,-0.07801191129106357
R10_TinyRange_5m,-0.4605408655018709,-0.21507557483813258,-0.6604146328781477,-0.6676538120325501,-0.586885578138508,-0.6794627015263895,-0.7263283281897888,0.22041895293434546,0.24332028077726933,0.200246747011984,-0.10193911204228644,0.44733419566288596,-0.035974508289753016,-0.13079168265416544,-0.16803036440983454,-0.29827571915252393,-0.6726225206000952,-0.2841760222023763,1.0,0.7783800929441639,0.040738548396191746,0.46111700368055963,-0.11324822321918045,0.6598075330262533,0.08680862090435856,0.2619359352318655,0.17756770046650677,0.4862322950304211,0.7332812987099435,0.13989809261074493,0.06020018330876682,0.31985932487872026,-0.02283586774688504,-0.30322783991623725,-0.09682012257494814,0.02888245605075473,-0.2575264478834841,0.04834233385065952,0.2141721604221928,-0.16107142433154775,0.2797501831592246,0.01754639305936519,0.6351168428419187,0.056137242957502484,-0.06627266590943771,0.44170710464139135,0.06376240376304088,0.12051538607163324,-0.022390614005404888,-0.11547221216962883,0.2507645221225318,0.674928294359058,0.194538873568536,0.28586264222998853,0.051957451422623105,0.12087936088849957,0.7547085880940678,0.2889601342524666,-0.14909031737332845,0.5618760235532511
R11_SpeedExtremeLow,-0.3028838451732671,0.14007966757631718,-0.47420863028310273,-0.5271296239538776,-0.36334115056093635,-0.5255438284644929,-0.5534104213917087,0.055495591348474635,0.10586405842229882,0.1361454509848732,-0.3234411469722327,0.3493034180855602,-0.15604555195107184,0.0212259992953087,-0.04947532527383578,-0.14207453529032715,-0.5109790648697718,-0.22100784234104703,0.7783800929441639,1.0,-0.13386192141654046,0.8551001393977748,-0.007292071617233797,0.7861268714906214,0.22027200972588942,0.28630844593642374,0.39874998913460596,0.6964771006424897,0.5822452853548176,0.1158201802667489,-0.08948907308236141,-0.0004584981729448151,0.13015672902411402,-0.31371230762974744,0.028652022988477417,-0.04764338625950319,-0.18098967731394033,-0.18533912264591929,0.16085031744131706,-0.19280133036500538,-0.04135407614250889,-0.09618326488503477,0.46190082221054185,-0.07928371937528582,-0.07815579602596588,0.182895159900052,-0.02217880261141512,-0.017574075443219754,0.005737632617866654,-0.2010579090532862,0.07292999637494861,0.3548356196489356,0.1104676645034041,0.1681471419571889,-0.006325618977785614,0.09811105663889641,0.48934979777283577,0.16816535399449326,-0.14905672453041346,0.36763713696267586
R12_SpeedExtremeHigh,0.14121057974024268,0.07631643260387382,-0.023762852036084765,-0.07805172093606301,0.04983017069014282,-0.07898566096663996,-0.10717001060767051,0.008001597412540206,-0.1487584018709129,-0.1992280294436669,-0.057877511082549106,-0.05414142850193913,0.05554585219402332,0.3564361874180559,0.4841785143655342,0.15451717816516244,-0.06786179383288664,0.1631868358565908,0.040738548396191746,-0.13386192141654046,1.0,-0.1958529821552195,-0.06376753731707183,-0.16403459980294557,-0.03339764017131552,-0.17434651631512735,-0.10965180764830575,-0.12317315301790846,0.23807804950924208,0.03981883484632193,-0.027706903140729714,-0.10889303324965884,-0.04050031734981997,-0.18485118068819778,-0.10736731152948163,-0.09344313752182391,-0.05350562920175284,-0.22323918759542197,-0.08231337727276508,-0.22049676097601845,0.23502186953835752,-0.0411228376037372,0.06164122410713942,0.1091733451806922,-0.14978688177091318,0.03725450441359093,0.13263435296429846,-0.04889462157360437,-0.10483632469239251,-0.11780879972455473,0.28603781215041446,0.23132177406922702,0.004530029517945749,0.04328987173101034,-0.15846892047404257,-0.030359177939114926,0.2662980886095604,0.04320348990920893,-0.15947434719805756,0.1500393097849993
R1_Rural_RandomWaypoint,-0.07734656742365495,0.40567965328211325,-0.2014380548458989,-0.2372524522119597,-0.11305294883472794,-0.2343782436760426,-0.2521092361973376,-0.12374843997022585,-0.2254203181556358,-0.15306422579074183,-0.372605859583067,-0.10296007727699744,-0.1753385038305423,0.11696160288536536,0.0677274072735894,0.017449686740694356,-0.23006574884104697,-0.06291039859675951,0.46111700368055963,0.8551001393977748,-0.1958529821552195,1.0,-0.09250997917539439,0.4847743504623713,0.21242919038125702,0.3386797151942645,0.4108800378698922,0.6779533542337193,0.2544006930431189,0.021876979098018112,-0.13009659335138726,0.017910570177943706,0.036962996093609354,-0.23687116434429897,0.10247667572004715,0.0016548605901039542,-0.12399434910345404,-0.08531396937952829,0.12586878518825295,-0.09493895237146846,-0.25379288173873277,-0.25758656216482323,0.2114048470089484,-0.11178581427360468,-0.09990306183214762,0.08907952485590699,-0.07821825054647139,-0.07963797882989332,0.03552650678781785,-0.18546361464567584,-0.08719013022763841,0.06447605088292853,0.01974343025456559,0.02416232636534105,-0.0489976546937577,-0.05951081386464325,0.14572273822684104,0.02450147875460036,-0.13198981055286071,0.16130053108953132
R2_VillagesTrails_ThreeClusters,-0.015534983181823262,0.03722839828841159,-0.12513663141119882,-0.20406605399598618,-0.05119230287457084,-0.20010059568347657,-0.21688926838596823,-0.04901184831224368,-0.15375847188313876,-0.12213869520769044,-0.20604849283031956,0.06270783495530335,0.035336934558239524,0.1063642689092879,0.06455251370516452,0.0381172417996648,-0.18117691775388747,-0.0017152410337359632,-0.11324822321918045,-0.007292071617233797,-0.06376753731707183,-0.09250997917539439,1.0,0.01336381891547376,0.2087994243857685,-0.36731327183417556,-0.04447428925114076,-0.13342426238109487,0.14091731490581344,-0.01540021245055147,0.6623491667867241,0.0863161905770618,-0.11390606382614488,-0.22207065666006887,0.18156592060239043,-0.3962073398087773,-0.17268233464072705,0.12123247035221957,-0.18928398680725672,0.601466318030287,-0.06263131884313268,-0.1586761944477721,-0.10485098159451751,-0.08120278541899768,0.6143036146225546,-0.26653936420246327,-0.05352563305589132,-0.11642424990363769,-0.22612103104724968,-0.1999106051836196,-0.01654981827430119,-0.03901811697515262,0.0009451633805880767,-0.05068687622449911,-0.32586360071842835,-0.11510723765011992,0.09262370672445087,-0.04546642255307371,-0.19897639921261476,-0.06830933602880228
R3_WildlifeTracking,-0.3490073774774168,-0.07572667736287154,-0.44001114341875525,-0.5152546612656983,-0.33810657224828666,-0.49758056887762425,-0.49814378656760366,0.4118694649777242,0.5184869317250457,0.4859812430323231,-0.3001755627101463,0.7177137041143583,-0.1597971035149808,-0.04774328817887686,-0.13506833511336058,-0.19685512089419507,-0.4780412735025679,-0.30639548193284744,0.6598075330262533,0.7861268714906214,-0.16403459980294557,0.4847743504623713,0.01336381891547376,1.0,0.1421427259606454,0.1848724444053054,0.27475513905193516,0.4977709342369002,0.3605951564247284,0.04050686747975472,-0.1713071022514665,-0.017954283696519305,0.19106401083095204,-0.2828120390163686,-0.07996579504036455,-0.09479695797929456,-0.22484823925609002,-0.13407098108664275,0.09644177445788077,-0.19973524763435002,-0.0715721226478468,0.041781204144152526,0.3821630374019926,-0.2047975636062491,-0.007789079561592962,0.13415218276654026,-0.023839591224261766,-0.05808553530244821,0.051049897720473275,-0.16239093001696733,0.11486249975790408,0.23122928521118102,0.0971086070094125,0.05043490394233178,0.11505111331130685,0.1858854866856849,0.30135643353262265,0.06043482628566105,-0.15170707329894212,0.20433273111459824
R4_ParkRangers_HelsinkiMedium,-0.05607222737528856,0.17711906858494245,-0.2677237231341137,-0.19793998360815332,-0.10104009077428892,-0.19715751038217078,-0.21424410788901582,-0.03794773658922987,-0.21910338960926076,-0.15780409847401614,-0.30935633774993704,-0.05696375834759808,-0.017742928843961895,0.8247995559237454,0.7772253120684053,0.14477704307629377,-0.18567245857091466,-0.029392980583161893,0.08680862090435856,0.22027200972588942,-0.03339764017131552,0.21242919038125702,0.2087994243857685,0.1421427259606454,1.0,-0.0853940960462058,0.09667292026456253,0.07045172595995584,0.14548223265779842,0.0021403961242665824,-0.19999053650153975,-0.25535162020105523,-0.18828833738595885,-0.2618858330997505,0.8720411043162262,-0.31887769161516055,-0.3053554072139178,-0.1859627838489278,-0.09283229651190494,-0.14067916181451176,-0.26924243335005493,-0.2462215361819273,-0.12722296047007292,-0.22362647411668257,0.008283397308991863,-0.1452818742209043,-0.026064582820929154,-0.07346341897854032,-0.10007162741071579,-0.1655714279125822,-0.029643326630924605,0.007931834751682453,0.02035261169307682,-0.05348447988606633,-0.247101807588224,-0.12305277675716236,0.07335483067282869,-0.04522350766919606,-0.18256837423896236,-0.056107374912738026
R5_MountainRescue,-0.30707570010762675,-0.1655987269458914,-0.23287922679263157,-0.27794869584715637,-0.22570981069335216,-0.3436744554178844,-0.26616493539239955,-0.03847559532561432,0.414816163171633,0.13236526804768353,-0.11756926531179362,0.036293470743305044,-0.1186645244428169,-0.19332939211936212,-0.1888007070408515,-0.2804877499914127,-0.39721212395065447,-0.25672133747035597,0.2619359352318655,0.28630844593642374,-0.17434651631512735,0.3386797151942645,-0.36731327183417556,0.1848724444053054,-0.0853940960462058,1.0,0.15120404420282368,0.36963006256899505,-0.039042817404479215,0.08987444625559275,-0.13056191006392914,0.20333378974227978,0.5834081768215498,0.25436475149037,-0.24630151102013456,0.8187185003956685,0.43012159750801254,-0.03145232741506402,0.6642011233307273,-0.31219280037802494,-0.2891704608450502,0.6238866987700272,-0.046492673425930144,-0.22977423642263645,-0.15121859101043092,0.005950761668825571,0.40758334358070514,-0.03981481416514695,0.41298168132572216,0.13270907974660068,-0.22274648962318078,0.07905937321428659,0.01177131137371398,-0.11796394512993463,0.7462975270478114,0.648307569285237,0.014867465191579506,-0.09195333081891414,0.14953111719357282,-0.054720015659352805
R6_SparseLongRange,-0.22190637896193824,0.0973770067999591,-0.21821861302408804,-0.3652862317481889,-0.15705928812914421,-0.24160071376892753,-0.19549294227415367,-0.03160504928457335,-0.0242189704644407,-0.08099139335177213,-0.30531904697196655,0.05266835152466771,-0.11425906011471022,0.13840735138759025,0.0055375581618534635,-0.060386648079136705,-0.2221781268727543,-0.1235983942249864,0.17756770046650677,0.39874998913460596,-0.10965180764830575,0.4108800378698922,-0.04447428925114076,0.27475513905193516,0.09667292026456253,0.15120404420282368,1.0,0.3606721546170674,0.25793187192495537,0.7997327662967996,-0.12442702632175129,-0.06208390144769608,-0.03167211751585417,-0.17883044201683926,-0.012396797053249862,-0.08874158462884676,-0.16212870079184033,-0.12973161126797292,-0.2011445029128151,-0.14863604724741108,-0.15036755670091237,-0.19018983911215354,0.11946969086830993,-0.1215895589783481,-0.07685995399017578,0.31087579629912593,-0.3399623114942464,-0.07595558471714563,-0.08047298973480548,-0.014690161179776989,0.3370341322545434,-0.00640293106355003,-0.01134341213686775,-0.009075938188716534,-0.0023678685961620377,0.1256937511915251,-0.02448588001422707,-0.008305926203776693,-0.035549651448764305,0.1234537838835483
R7_SparseTinyBuffer,-0.26930324884865586,0.06499371889081283,-0.15908864916066554,-0.40354788082259313,-0.31585314449583807,-0.46716569920959,-0.41334596797548784,0.11955484692334366,0.013623414421899545,-0.027842204350145477,-0.20330814882778908,0.08000214601531183,-0.1129500942732336,0.017561022559158247,-0.08956322111284608,-0.2234785340556181,-0.3285378682523334,-0.14250687788580477,0.4862322950304211,0.6964771006424897,-0.12317315301790846,0.6779533542337193,-0.13342426238109487,0.4977709342369002,0.07045172595995584,0.36963006256899505,0.3606721546170674,1.0,0.4502440171544283,0.14299100102841047,-0.025072278902831875,0.03330859947522241,0.13723118203559126,-0.19547007985255763,-0.023126920372898457,0.1216830563544117,0.2611940242595564,-0.18449615694199023,0.05112836669337924,-0.1727994317740936,0.19665656496267983,0.07675029171109017,0.6576808549001701,-0.03498278183830928,-0.12681306758022418,0.3141941452737575,0.13308424542650277,-0.5143274442222835,0.34324949797137405,-0.5605288651093828,0.05469523738518526,0.533613707827694,0.12951728094401982,0.07056435117165352,0.4471672294898463,0.12752826110626456,0.2139730266695104,0.08699592825903667,-0.13471873879801782,0.6832652647342325
R8_IntermittentPower,-0.3918053170923378,-0.17689905629938368,-0.5477835043618305,-0.6364097665138465,-0.5173652837691817,-0.6055209199253098,-0.6354203975492599,0.12350962711171566,-0.010064144091994597,-0.05497925771456052,-0.030323087010807135,0.318842687877481,0.024056922398836705,0.037074461310931,-0.0558814399630872,-0.21336412878158934,-0.5738705539412667,-0.16975868904256736,0.7332812987099435,0.5822452853548176,0.23807804950924208,0.2544006930431189,0.14091731490581344,0.3605951564247284,0.14548223265779842,-0.039042817404479215,0.25793187192495537,0.4502440171544283,1.0,0.28235721117784485,0.16394409243445437,-0.08469441349534673,0.022025059629311134,-0.25762214911771875,0.007122811249963663,-0.1355506740762821,-0.05959712566242279,-0.35088947440127133,-0.0915164946878354,-0.2285412273288908,0.48597872682054866,0.022064252668543945,0.6476024523813844,0.21925941058534437,-0.08227389202480294,0.3840741491717782,-0.05244212827696065,0.0603442991504176,-0.06184051821219292,-0.15264247001573492,0.5171980173096047,0.6908989162356287,0.2744023384196749,0.40635149113476177,-0.037524184858485396,0.23168228979066688,0.8474000799809652,0.40471914374514595,-0.06431924713481847,0.7074708507422629
R9_ExtremeRange_200m,-0.19886504744397585,-0.1397674345673638,-0.21838233999863818,-0.35201347527831284,-0.19964543148860955,-0.3413087711305832,-0.31929756222716155,0.009861629643466895,0.039502677909147646,-0.06989519100076491,-0.06573035442122092,0.0366875137744263,-0.0249070765129624,-0.05350106023948696,-0.04594664841903158,-0.16228613582757265,-0.27136464190908544,-0.14640046730486106,0.13989809261074493,0.1158201802667489,0.03981883484632193,0.021876979098018112,-0.01540021245055147,0.04050686747975472,0.0021403961242665824,0.08987444625559275,0.7997327662967996,0.14299100102841047,0.28235721117784485,1.0,-0.022652730987584496,-0.03639776219920125,-0.0045907173708794975,-0.11893199723520799,-0.0511809866874111,0.013503718278210657,-0.019697336583315034,-0.11236167508715557,0.09755261085873526,-0.11353336460532842,0.14849009281432615,0.08440275978128986,0.22441454272154976,0.003164406615177124,-0.08930337166842278,0.09517520310304,0.08517571104401474,-0.058803772990432275,-0.06051336760875996,-0.08688287588594458,0.12068610794928245,0.25391473563630446,0.02090813366913721,0.06804466226148745,0.010439736165032517,0.1716907794116589,0.21823863522408135,0.06395210563969796,-0.06181504351514889,0.17067355532405717
D1_ShelterHotspots_Clusters,-0.15974620427846156,-0.2622017923531242,-0.0373247588565442,-0.36861197969570686,-0.15105110752448825,-0.3593871712365815,-0.36927651200012573,-0.014964621934655154,-0.07220751759138433,-0.21235971351729954,-0.0023396567886052625,-0.03628927729721427,0.004031525111141528,-0.226378950759343,-0.22388179722715543,-0.3501191965389034,-0.34681700734118875,-0.134272626531781,0.06020018330876682,-0.08948907308236141,-0.027706903140729714,-0.13009659335138726,0.6623491667867241,-0.1713071022514665,-0.19999053650153975,-0.13056191006392914,-0.12442702632175129,-0.025072278902831875,0.16394409243445437,-0.022652730987584496,1.0,0.6225484276689671,-0.04582047594123735,-0.12277833991154727,-0.013307903490502829,0.039716254016803426,0.1185476330538504,0.43488628412258845,-0.050163969644378185,0.8173489939464514,0.3584892834935858,0.028811548005454064,0.23244324515539513,0.17572310124094428,0.6485957690260343,0.13560973256462033,-0.04701458797919181,-0.1476689290375173,-0.18087019381454186,-0.17503318316680813,0.11954763869071769,0.1767583030533285,-0.05242873826482786,-0.0036194082371945636,-0.021890155499494704,-0.029038495144894972,0.19230705204369017,-0.0073616561897185675,-0.18545409464351356,0.21667570394599975
