,U11_OfficeWaitHeavyTail_HelsinkiMedium,U12_HighTimeVariance_HelsinkiMedium,U1_CBD_Commuting_HelsinkiMedium,U5_SparseSuburb_HelsinkiMedium,U7_MicroMobility_HelsinkiMedium,U8_CongestionHotspot_HelsinkiMedium,U9_WorkdayShort_HelsinkiMedium,C1_Campus_ClassChange,C2_ExamDay_LongStays,C3_Hackathon_24h,C4_Stadium_IngressEgress,C7_Library_Quiet,C8_EmergencyDrill_Evacuation,V1_TaxiLow_HelsinkiMedium,V2_TaxiHigh_HelsinkiMedium,V3_BusOnlyCarriers_HelsinkiMedium,V6_CarOwnership_0_HelsinkiMedium,V7_CarOwnership_100_HelsinkiMedium,R10_TinyRange_5m,R11_SpeedExtremeLow,R12_SpeedExtremeHigh,R1_Rural_RandomWaypoint,R2_VillagesTrails_ThreeClusters,R3_WildlifeTracking,R4_ParkRangers_HelsinkiMedium,R5_MountainRescue,R6_SparseLongRange,R7_SparseTinyBuffer,R8_IntermittentPower,R9_ExtremeRange_200m,D1_ShelterHotspots_Clusters,D2_PartitionedCity_MuleBridge,D3_Aftershock_ErraticMobility,D4_MedicalTriage_TwoClasses,D5_UAVMule_FastRoute_HelsinkiMedium,D6_ShortTtlCritical_5to10min,D7_HighLoad_TrafficStorm,D8_InfrastructureReturns_BackboneLinks,D9_Critical_1minTTL,S1_StrongCommunities_SeparateClusters,S2_WeakCommunities_HighMixing,S3_PeriodicMeetings_RegularRhythm,S4_RandomMixing_NoHotspots,S5_TwoLayer_StudentsStaff,S6_FamilyGroups_SmallPersistent,T10_HighRateLowSpeed_Congestion,T11_TTL_1min,T12_TTL_Infinite_Buffer200M,T13_Buffer_256k,T14_Buffer_200M,T15_TransmitSpeed_256k,T1_ManySmallMsgs_HighRate,T2_FewHugeMsgs_LowRate,T3_MixedBimodal_SmallAndLarge,T4_VeryShortTtl_5to10min,T5_VeryLongTtl_6to24h,T6_UniformSources_RandomFromTo,T7_TargetedToHubs_FewDestinations,T8_BurstTraffic_TimeWindows,T9_BufferStress_SmallBufferHighTraffic
U11_OfficeWaitHeavyTail_HelsinkiMedium,1.0,0.9708011895592222,0.9005942837541955,0.7595541649072195,0.809144810500953,0.8724312832914182,0.8559316237955675,-0.22911061218369833,-0.3508098089361499,-0.3447717652034396,-0.21619978952122923,-0.3953021485453857,-0.0013613344731371621,0.11679683940693432,0.13262592917873342,0.4810339161674365,0.9552084051596355,0.7526462086312451,-0.6417416133076209,-0.43816655527118126,0.09262182852666125,-0.16680177223995032,-0.06919234464696507,-0.42548351499371256,-0.13020093009099723,-0.3677482891042132,-0.14778767854036495,-0.26206083224977067,-0.522535584813069,-0.2606022176979021,-0.1930961573261829,-0.2774040190365075,-0.20015181976566698,-0.18314071350738834,0.0018697429567922695,-0.2422297870654397,-0.2679927167314672,-0.16053682441593298,-0.35477184003391177,0.03821693595937587,-0.20630055079939033,-0.3317941115812486,-0.5021782747395483,-0.22990501296241833,-0.04947202066204382,-0.12950753081538197,-0.33458835807779874,-0.10489863435294994,-0.3694911330820453,-0.05095436757196171,-0.13681620011348083,-0.545623764518106,-0.20697796168727955,-0.31427221007889905,-0.35643843950717435,-0.35312000745026806,-0.5036354329981384,-0.22209831999796517,-0.19792806894960466,-0.45914410935424077
U12_HighTimeVariance_HelsinkiMedium,0.9708011895592222,1.0,0.8286807909885168,0.7102011861940826,0.8413797704956752,0.8140411283624306,0.788289233749957,-0.2263784579334266,-0.2800127772572523,-0.32972653317447814,-0.2185051886563105,-0.3717515685258832,-0.01532703472242072,0.1441768364470654,0.10399459052579892,0.4209599667587407,0.9025692014105624,0.7304322421599323,-0.7093617575503302,-0.4824422722138348,0.04774950045696083,-0.19602831519120753,-0.09553643012357069,-0.43711620524697486,-0.15730832911166032,-0.28889233308979073,-0.06869955888421528,-0.13000080977309525,-0.5464723259068373,-0.23791499174794703,-0.21608383468721348,-0.28746267951747245,-0.12594399119055735,-0.1450794644330834,-0.03049056291355882,-0.16403547611628205,-0.31571532686211135,-0.1724278406266271,-0.27939187591236375,0.008526335549557,-0.27203550223095085,-0.27246373947091324,-0.5347850929888734,-0.30305372528565655,-0.06027853040526821,-0.02674094335226293,-0.21407887620102237,-0.21551712218261665,-0.27225155523207917,-0.10121309551272106,-0.05206349813762409,-0.5894257271569726,-0.18112640219874776,-0.3393396231780133,-0.19314899914949368,-0.2438577675159225,-0.6235108708451951,-0.2341913702751288,-0.1603898501238189,-0.4237701647039497
U1_CBD_Commuting_HelsinkiMedium,0.9005942837541955,0.8286807909885168,1.0,0.8123763278189895,0.7565386612284282,0.9465246669196912,0.756238004803245,-0.21707001112881108,-0.4509085809215982,-0.3297378789684713,-0.19565314783420407,-0.4647320721884803,0.0022789520450757937,0.03874791020326152,0.1615371102140942,0.5482344651109022,0.943897333631933,0.7646636216844028,-0.46742361985850606,-0.29200058034405596,0.13852163178948712,-0.05613406425438858,-0.027248257008564064,-0.3599088458149772,-0.06507638125890737,-0.38707874333666675,-0.2746809103698357,-0.2409545416417632,-0.4271435235295732,-0.20846905505724098,-0.16222604188714682,-0.2566085428899996,-0.28934610592393023,-0.2502430123996743,0.05624307717748835,-0.3094844116604432,-0.0644533388648885,-0.14564992812226482,-0.2638284927164289,0.07214287793201538,-0.10114430884021955,-0.3036704199950221,-0.25011458993744884,-0.10033497827341205,-0.043052709896054114,-0.35630725283260356,-0.3162882169256042,-0.20130820000212482,-0.2525916088758088,-0.23188211837534695,-0.4094004162012622,-0.2172100448372002,-0.17569375027848141,-0.26218535939936516,-0.4245376961392201,-0.5320443838007928,-0.2595600179136313,-0.198152607306027,-0.2883634624582773,-0.2794559687714106
U5_SparseSuburb_HelsinkiMedium,0.7595541649072195,0.7102011861940826,0.8123763278189895,1.0,0.43581651070333377,0.6560726608298034,0.5989166560422363,-0.2891172489483044,-0.5556400746865967,-0.39070658675788966,-0.3355165985575679,-0.4988439346105943,-0.11404631910323991,0.2550900046377634,0.1846963333232431,0.697013093602055,0.7021107258784923,0.6456767915343005,-0.2733577215605761,0.12853459579096255,0.039175934424103165,0.4159464028995774,0.006894535890064014,-0.09269957344551735,0.12688152145139206,-0.17716959218174028,0.08080326103718544,0.004425343208379045,-0.24641958335962552,-0.16424425786282468,-0.28539819866328814,-0.32140254344501124,-0.2970547673725044,-0.25336185127608757,0.08557352256196311,-0.38330299039918814,-0.26894801757501835,-0.2303194415931609,-0.2581478922589643,-0.09638875598044709,-0.47277836668394496,-0.5046131154492889,-0.35398579182552076,-0.32799448448245194,-0.03875908452227516,-0.1965030056625445,-0.3483887185708921,-0.14101618136361954,-0.19067612311312046,-0.22387484764460366,-0.1912950150999455,-0.3169000113232827,-0.15934429541304038,-0.23670151296717817,-0.42251878325243775,-0.4514078341676273,-0.3101396170208231,-0.1787098496067895,-0.23755623236929596,-0.2807738971729473
U7_MicroMobility_HelsinkiMedium,0.809144810500953,0.8413797704956752,0.7565386612284282,0.43581651070333377,1.0,0.7936853067246115,0.7301478686924036,-0.15548165407593845,-0.1545894717386387,-0.22821296868162383,-0.0588930894659839,-0.3511455839116319,0.04788358272499616,-0.08481161663320418,-0.017312361649636652,0.09222285239803661,0.8216156147817525,0.6191012366590288,-0.7346410956358947,-0.565728442466562,-0.02493293960355473,-0.29025391434929354,-0.15351638066081508,-0.48351479250565044,-0.3154645102020647,-0.2746414535549683,-0.24390099641380333,0.004174692311234232,-0.6280004870282497,-0.2362752411728941,-0.049074916396220504,-0.15433265216575376,0.025334414861884116,-0.08366519137241565,-0.003224831944013029,0.048149918343901026,0.0047773565098194574,-0.05253028155149583,-0.03286070909523379,0.21610826605240244,0.03370356685954655,-0.020755929399682477,-0.21343642280580954,-0.022996773597788556,-0.07577083873073867,-0.12477033122263247,-0.07420215711159854,-0.429373332726241,-0.08018631247253934,-0.26503909758579647,-0.2947154522821334,-0.3887904236340936,-0.20463941082100096,-0.29750745548701674,0.010696793095175159,-0.24515751710910977,-0.5602325094557441,-0.20723495955774487,-0.14832949231424555,-0.22232047322708104
U8_CongestionHotspot_HelsinkiMedium,0.8724312832914182,0.8140411283624306,0.9465246669196912,0.6560726608298034,0.7936853067246115,1.0,0.7971794879774184,-0.18748438342688487,-0.26007633468805996,-0.2181817292437045,-0.1225957482784252,-0.40854934863928366,0.021201593899101603,-0.06454352838229027,0.1392094884687307,0.45344813479841894,0.9380240006981253,0.7037404258419645,-0.5491647164279576,-0.46619300150897397,0.13804164578924324,-0.2552886356195418,-0.07081456872883639,-0.43312852594380585,-0.1285358520501753,-0.24277480701717008,-0.42015989057992026,-0.20636413897660874,-0.5740873717113576,-0.22753148535752932,-0.16573281287561123,-0.21304303354540727,-0.12464026041305677,-0.15680181214529604,-0.013373101106562294,-0.09811583859606572,-0.1573448584827186,-0.10852552584193323,-0.08692321026966011,0.04737388306629226,-0.10260679983051126,-0.04950055696487629,-0.3475500792545066,-0.1710377048010984,-0.043504457583437336,-0.4755671354300182,-0.12077756571055567,-0.20213742916582203,-0.10664406936535074,-0.11425355102760942,-0.5348542592962885,-0.22610016364064037,-0.16974509928832213,-0.2835035838911902,-0.2501903808291589,-0.3710466867509737,-0.2865452036691949,-0.20415251591310596,-0.23831926108893814,-0.39634926506634105
U9_WorkdayShort_HelsinkiMedium,0.8559316237955675,0.788289233749957,0.756238004803245,0.5989166560422363,0.7301478686924036,0.7971794879774184,1.0,-0.18476570455030344,-0.23311995999846416,-0.2374779175775874,-0.13457828014828685,-0.3622526977195457,0.0008032492133080236,0.03781931369835836,0.10260634459265734,0.37017784919434593,0.8740331417669208,0.5540856792890085,-0.649839409327853,-0.43858399364651157,0.05046758868533479,-0.1863479753367461,-0.07109470317848782,-0.3773657229471778,-0.14200208776673484,-0.254564149426883,-0.1902591343853081,-0.14368124299064508,-0.5907149768741887,-0.21752030698618793,-0.16914365698031905,-0.24203236515090593,-0.0746368966926127,-0.08988268151603318,-0.019454527852019347,-0.12786586107635653,-0.29725425262342225,-0.14079589729150696,-0.1822297746865394,0.02237594532405841,-0.2426656010965302,-0.15876988977486187,-0.4957659745716271,-0.26377272787700334,-0.03531896482064634,-0.25774671560529105,-0.18558370650371442,-0.17647209247653303,-0.19972922378024294,-0.0609968421295208,-0.2842502604279542,-0.49606412463931787,-0.13820520822310112,-0.2884445422523352,-0.2263192597805023,-0.263814819038669,-0.4948696258369697,-0.1910988956687301,-0.13496213169220314,-0.4784597288879695
C1_Campus_ClassChange,-0.22911061218369833,-0.2263784579334266,-0.21707001112881108,-0.2891172489483044,-0.15548165407593845,-0.18748438342688487,-0.18476570455030344,1.0,0.05260734540827818,0.06213137981996931,-0.04136269156479547,0.04739447180095867,-0.025793430610839673,-0.13359996859212614,-0.12852411952548504,-0.1968225411676889,-0.19218465455548508,-0.21556579709216236,0.209081182367167,0.03599472003865847,-0.0011306032474397542,-0.13282821797850516,-0.06546524504427036,0.3888057056506918,-0.03141454900166475,-0.0379070149347861,-0.048984141825131416,-0.13656129649611776,0.10463185511193232,-0.0010159006322691035,-0.02701695404871418,0.059329283827759136,-0.06492179823188127,-0.09172150248559549,-0.08927604518687915,-0.023424703877045185,0.015160530265462317,0.0019162245851227333,-0.05121917566300551,-0.045300164118954704,0.189314112797899,0.10894144203752254,0.19074639548768668,0.10974088154884898,-0.057505041866106936,0.053230547357337496,0.03741924722234942,0.06194653913564836,0.017858736311721617,0.026830726224602565,0.13676328907445798,0.07938161002110675,0.23760164802897815,-0.026574412997422508,0.13920828017104506,0.2674047982086353,0.17742326150521331,-0.009858874221470327,-0.09531652845535657,0.05220615078187234
C2_ExamDay_LongStays,-0.3508098089361499,-0.2800127772572523,-0.4509085809215982,-0.5556400746865967,-0.1545894717386387,-0.26007633468805996,-0.23311995999846416,0.05260734540827818,1.0,0.9087313038173706,0.052649209919782544,0.8296642332335452,-0.06568892492216745,-0.34055736884512855,-0.2953788526759208,-0.46408342748826886,-0.3517928453809273,-0.377348145791112,0.22150839856037582,0.08423167481977922,-0.1793389653609765,-0.23509560152272788,-0.17275802380816396,0.4689623046981711,-0.22396017928318518,0.37834258364299855,-0.059796489118229844,0.2584757957873407,-0.05930572106556769,0.013773112705251767,-0.12393095471856262,0.06730601312683294,0.6437304964290497,0.09293639292294954,-0.3059333622098111,0.45761576733164894,-0.17554197839026742,-0.0435739048224373,0.483418539853122,-0.19313184301538944,-0.02742828863995436,0.6292919765681939,0.02319285323861474,-0.13543621069772696,-0.05832849400680473,0.010024483449647723,0.441088459474972,0.05364023303513234,0.3978693455536351,0.2580349564470232,-0.005708737247804266,0.06614918958340348,0.02992527782902562,-0.0513618736984537,0.5333482391734596,0.5030596735962863,0.031971286088196146,-0.011579880362641402,0.07429012733489387,-0.031025071263256442
C3_Hackathon_24h,-0.3447717652034396,-0.32972653317447814,-0.3297378789684713,-0.39070658675788966,-0.22821296868162383,-0.2181817292437045,-0.2374779175775874,0.06213137981996931,0.9087313038173706,1.0,-0.014591002894776535,0.8808972579341232,-0.08375374911663264,-0.27027625990997495,-0.21250504862402333,-0.28778513501782477,-0.3038859573547323,-0.3334658180991429,0.3663172057428428,0.2981856160631588,-0.14630093998636776,-0.08159977627868097,-0.04385677888950133,0.6858796958173916,-0.09034020164581139,0.17424765309223406,-0.07316136970846854,0.14485223351804624,0.026572719879329115,-0.009252562000098667,-0.1374804979312684,0.0034093137410008685,0.4609674877811419,-0.03345586587420639,-0.21704902307572257,0.1475173963377554,-0.1395403994526723,-0.060392025604773296,0.32199112779368216,-0.15207469490445583,-0.07576948792365491,0.4186538137056772,0.11939438249616725,-0.12511180322019472,0.02034510112630138,-0.09222935951314314,0.242221997416944,0.01873567820718568,0.2911880345226874,0.07852296959379408,-0.09048684923694279,0.18863289383639453,0.004797470931372912,-0.025283974296747242,0.2790866292468117,0.22251190119251335,0.14119737636573249,-0.016423016506536204,-0.027822649531491557,0.03902239222164234
C4_Stadium_IngressEgress,-0.21619978952122923,-0.2185051886563105,-0.19565314783420407,-0.3355165985575679,-0.0588930894659839,-0.1225957482784252,-0.13457828014828685,-0.04136269156479547,0.052649209919782544,-0.014591002894776535,1.0,0.007336514808569855,-0.014057474801987916,-0.22290152198567603,-0.16060053399409177,-0.2531717862446769,-0.1628531498663303,-0.23112933841697406,-0.027025780997694846,-0.19767771853151275,-0.0354664555396436,-0.227915966733952,-0.14428980512490644,-0.19908362647856237,-0.17088048066779962,0.019856202286333648,-0.2248329593558534,-0.03670067830928194,0.0024937489391846515,-0.06203480999699605,-0.03195907473547069,-0.022058938503284952,0.03509804109242324,0.22589489835322357,-0.12828594229360607,0.14650816785702617,0.16375483271489752,0.23256561111251106,0.09919555028186947,-0.0640194179357174,0.2077061823409945,0.1809922750371338,0.10589778472088486,0.09586292119378864,-0.14416114222743898,-0.04564731323520086,0.14141884239086538,-0.03836359554176496,0.08442074676395807,0.00017832600789287806,-0.08153443359786694,0.16049422243125572,-0.060801927887714796,0.4832974099112509,0.1159034462019077,0.03505875794734705,0.09365844093834626,-0.050950801448640025,0.9256747319794898,0.09744764587131043
C7_Library_Quiet,-0.3953021485453857,-0.3717515685258832,-0.4647320721884803,-0.4988439346105943,-0.3511455839116319,-0.40854934863928366,-0.3622526977195457,0.04739447180095867,0.8296642332335452,0.8808972579341232,0.007336514808569855,1.0,-0.0467754835074255,-0.18975723880009662,-0.24007399276304373,-0.33103272315687526,-0.3992258332166694,-0.3610720904153868,0.4123186904928805,0.27542926773475923,-0.06223799482226246,-0.17879193853404937,0.0382704005110359,0.6029718135029598,-0.08994697255854966,-0.013113324347780602,0.042002130219217365,-0.014283848764869211,0.36327877212068915,0.03600697744857083,-0.0632897146759036,-0.09705359528705747,0.4050538604236914,-0.03477122812585049,-0.21568340146193743,0.017985999328607293,0.051832415410617665,-0.20218728429011107,0.0689650923250814,-0.21944262696243963,0.1315078793518454,0.30644482627529396,0.20402851431164776,0.08252820460232732,-0.01767578545316548,0.1641466616433591,0.17914804926985,0.20327094782287464,0.08128425639077495,0.1693717011744929,0.2957112185124968,0.19227684947644988,0.06808790693831689,0.07239611565540938,0.17481331033713693,0.3174245931747047,0.28118475927717973,0.06299538336283053,0.029632753923443587,0.1943380453800116
C8_EmergencyDrill_Evacuation,-0.0013613344731371621,-0.01532703472242072,0.0022789520450757937,-0.11404631910323991,0.04788358272499616,0.021201593899101603,0.0008032492133080236,-0.025793430610839673,-0.06568892492216745,-0.08375374911663264,-0.014057474801987916,-0.0467754835074255,1.0,-0.01639681482694357,0.026785249555138696,-0.02817435204125579,0.03135566260324479,-0.010644276769471014,-0.08368576457136259,-0.19466739948528303,0.03498434257767704,-0.1930407425579787,0.011836830377102835,-0.18472729897560208,-0.02389706124657971,-0.13994944708877083,-0.1319380260422146,-0.16639876576087134,-0.02796790589836046,-0.043843496263193005,-0.01996856844206855,-0.023191356332399403,-0.10670515668179152,-0.07922573360873399,0.030048236727982867,-0.042111084633128945,0.09427214993329486,0.029496205516507668,-0.10121644931540291,0.07457298381578267,0.15234946551832265,-0.026605695225757318,0.02541207144422748,0.06711449964680155,-0.041198691621526284,0.005900682879217858,-0.0539478664582422,-0.005663686613981592,-0.1088255842309835,-0.019861022566417724,-0.007116010871118003,0.03615405117072481,-0.05997902928168666,-0.047114530463914076,-0.07070101066507099,-0.09914290489664164,0.013274090349074369,-0.037885015700282944,-0.08130408303361972,0.024103020581803924
V1_TaxiLow_HelsinkiMedium,0.11679683940693432,0.1441768364470654,0.03874791020326152,0.2550900046377634,-0.08481161663320418,-0.06454352838229027,0.03781931369835836,-0.13359996859212614,-0.34055736884512855,-0.27027625990997495,-0.22290152198567603,-0.18975723880009662,-0.01639681482694357,1.0,0.8829507956408703,0.38934063363404525,0.0634566580561255,0.10716470865750673,-0.20839693968926162,-0.053983968315681516,0.32413886347383614,0.05865054453214905,0.0668893429652837,-0.08984067115981774,0.7795185843936653,-0.23816067439822017,0.19056018944107858,-0.10994434001050381,0.011119708954042686,-0.07809432928972285,-0.25698050145163004,-0.26245149415317726,-0.3132177832080691,-0.14831440276614458,0.6775313755140877,-0.4147366035405043,-0.2526713983524307,-0.1793470723123359,-0.3956634532680658,-0.19985592372355315,-0.3352963600956084,-0.4628338496389642,-0.30372226220555637,-0.3329496707904185,-0.05961178598694585,0.2071314248975661,-0.18037843358705372,-0.13643106221898435,-0.23960126608884075,-0.2143982158577403,0.29654822286865945,-0.21612877596900382,-0.05734418884003492,-0.12409996753995445,-0.24090284403361065,-0.23071259777638217,-0.2920671274992739,-0.07716844166861715,-0.08440457326518731,-0.05809405609140416
V2_TaxiHigh_HelsinkiMedium,0.13262592917873342,0.10399459052579892,0.1615371102140942,0.1846963333232431,-0.017312361649636652,0.1392094884687307,0.10260634459265734,-0.12852411952548504,-0.2953788526759208,-0.21250504862402333,-0.16060053399409177,-0.24007399276304373,0.026785249555138696,0.8829507956408703,1.0,0.3948589290531979,0.15572346382105456,0.12923717055249953,-0.21766763625867885,-0.19607678098869996,0.5144301619014043,-0.10051080085471611,0.014399864567338147,-0.20829104883015717,0.750167381430551,-0.22500543399544373,-0.08386538922675124,-0.24828853375289944,-0.13400376244021903,-0.05939114267908171,-0.23255534841124065,-0.20140432427734142,-0.2627310570442082,-0.16342762535710045,0.6909477225473638,-0.29296585901957767,-0.17299081641983022,-0.11780777955377804,-0.2813810263123701,-0.14726185567426095,-0.1499588952303939,-0.27136092059001476,-0.2581692004606679,-0.2253605271721408,-0.08879901606200064,-0.11854515996344829,-0.15092211467455877,-0.04870387299809984,-0.2069970364508795,-0.09439185169497506,-0.060120290895733404,-0.08333930618485673,-0.07094188782787816,-0.13854630415104,-0.3060157970940534,-0.2950471347863881,-0.12110370248518915,-0.09744827045038562,-0.15612750801921219,-0.16831480891694683
V3_BusOnlyCarriers_HelsinkiMedium,0.4810339161674365,0.4209599667587407,0.5482344651109022,0.697013093602055,0.09222285239803661,0.45344813479841894,0.37017784919434593,-0.1968225411676889,-0.46408342748826886,-0.28778513501782477,-0.2531717862446769,-0.33103272315687526,-0.02817435204125579,0.38934063363404525,0.3948589290531979,1.0,0.4803551236538124,0.4795531269743219,-0.18022279962829313,0.0034937783366436586,0.3294120119936154,0.12889618818398896,0.1709294687319163,-0.09854798345605639,0.26455597124750185,-0.239722086937946,-0.01058079924504483,-0.21858010722761953,-0.08553858635380447,-0.08319320043649171,-0.260910384531393,-0.3174202809326115,-0.36916711887551007,-0.19110521003482767,0.07867507449323233,-0.4868433520558863,-0.31953198779263947,-0.223917837370888,-0.3636919832439243,-0.18637176023989419,-0.41968835123597564,-0.43519328569533866,-0.3942064503075014,-0.34702272195762673,0.07375130485306167,-0.2356803093085202,-0.23604476394225307,-0.02953505455242021,-0.22186567420764056,-0.1421284899502189,-0.1007695074812647,-0.13626326939497366,-0.07163963763368723,-0.14575109877653064,-0.46722379034073164,-0.3885222457892036,-0.1191492211088187,-0.09671505417805816,-0.17858603472666476,-0.258773555051373
V6_CarOwnership_0_HelsinkiMedium,0.9552084051596355,0.9025692014105624,0.943897333631933,0.7021107258784923,0.8216156147817525,0.9380240006981253,0.8740331417669208,-0.19218465455548508,-0.3517928453809273,-0.3038859573547323,-0.1628531498663303,-0.3992258332166694,0.03135566260324479,0.0634566580561255,0.15572346382105456,0.4803551236538124,1.0,0.7485711931995138,-0.6034757037771774,-0.49770180958262356,0.14936725782911744,-0.27137823192559724,-0.066261955691282,-0.44977423292778274,-0.1379280843270199,-0.4253561623126493,-0.24381702110082953,-0.3069552639812302,-0.5151924186550294,-0.20294143391932568,-0.16096282190626496,-0.21914091588175016,-0.29326140278929935,-0.1977210241654336,-0.0072841090327166996,-0.29170139869109873,-0.17113211240432863,-0.10825425420125458,-0.32706345047941754,0.06084338563150234,-0.11555019014025587,-0.29369798083908916,-0.37048603597705043,-0.1795488693222565,-0.033571514698341645,-0.2090159458312649,-0.2899726559385576,-0.2327896724164456,-0.3153981952671798,-0.20167328088422376,-0.2604045941933104,-0.3373421227267735,-0.18388987360437975,-0.29233717569832324,-0.35070920991431687,-0.4677003265762972,-0.4215740770727726,-0.20551290738708428,-0.2324788063022331,-0.33325358854869025
V7_CarOwnership_100_HelsinkiMedium,0.7526462086312451,0.7304322421599323,0.7646636216844028,0.6456767915343005,0.6191012366590288,0.7037404258419645,0.5540856792890085,-0.21556579709216236,-0.377348145791112,-0.3334658180991429,-0.23112933841697406,-0.3610720904153868,-0.010644276769471014,0.10716470865750673,0.12923717055249953,0.4795531269743219,0.7485711931995138,1.0,-0.3896018183746211,-0.2784162365552952,0.12127774587833838,-0.07644612155689803,-0.04926423606625155,-0.3534646670013391,-0.06441930821422757,-0.3061852736357486,-0.14089744798746134,-0.19235729722183795,-0.27870678117285513,-0.18326687938983813,-0.17179566800548343,-0.2321603788184324,-0.2607870070104636,-0.25502177322328073,0.028114630991745045,-0.23878174718147366,-0.05040262864464199,-0.13412207577123922,-0.27082061534969065,0.04269137557600285,-0.07240089139745844,-0.30319245727832533,-0.21683925785292385,-0.09736128056964588,-0.06241045525061138,-0.08814747568598683,-0.25144157261838807,-0.1565227626527495,-0.25031534484814005,-0.17857875425614322,-0.12590637015916217,-0.21766620766996272,-0.18805708941238863,-0.24993719993684824,-0.29240271290122083,-0.380113727937286,-0.2729429884827747,-0.19822568795780976,-0.26233904489114696,-0.16686448158090875
R10_TinyRange_5m,-0.6417416133076209,-0.7093617575503302,-0.46742361985850606,-0.2733577215605761,-0.7346410956358947,-0.5491647164279576,-0.649839409327853,0.209081182367167,0.22150839856037582,0.3663172057428428,-0.027025780997694846,0.4123186904928805,-0.08368576457136259,-0.20839693968926162,-0.21766763625867885,-0.18022279962829313,-0.6034757037771774,-0.3896018183746211,1.0,0.7601208594594475,-0.02324858109309906,0.45437039253047407,-0.1731266437660543,0.6449019765173187,0.057422568253469405,0.28169980380626203,0.08123663206839993,0.05763796115098249,0.6640227392450719,0.0879374110333217,-0.0384258720059358,0.30154494917408103,-0.04619471917267373,-0.1264354327246302,-0.15015480595087108,0.028435397970074786,0.29259386832284073,0.052028501391371995,0.16196429914344926,-0.2322422215704479,0.22782627716638132,0.028671666914865786,0.6197934962982112,0.26190164227290763,-0.13197018563199236,0.17217372876448608,-0.02856219747485144,0.3369336348791014,0.13776074400574556,0.10192802556286022,0.14710266212009562,0.645301919429709,0.14258547119793055,0.1920687754949944,0.03963865498556143,0.05896355750214309,0.7095105151124744,0.1574900273626658,-0.06391532979530423,0.5004064562859473
R11_SpeedExtremeLow,-0.43816655527118126,-0.4824422722138348,-0.29200058034405596,0.12853459579096255,-0.565728442466562,-0.46619300150897397,-0.43858399364651157,0.03599472003865847,0.08423167481977922,0.2981856160631588,-0.19767771853151275,0.27542926773475923,-0.19466739948528303,-0.053983968315681516,-0.19607678098869996,0.0034937783366436586,-0.49770180958262356,-0.2784162365552952,0.7601208594594475,1.0,-0.19101677138353257,0.8598025157223906,-0.04469775573888068,0.780171582426912,0.16315068231277088,0.2891473681439982,0.3318874419847754,0.37082316300657975,0.5253034291191869,0.07677661072888049,-0.15294566664437184,-0.03602864014922279,0.12759247536697935,-0.17113258293667383,-0.018542822027351365,-0.057524430546739086,0.143161176174538,-0.18496664223319412,0.19524143969836974,-0.2330148553387228,-0.1458089335186306,-0.0970471759197433,0.4099774626850588,0.08169930015999943,-0.11083868668986258,0.03626972694142606,-0.07065626654461854,0.18748188248444994,0.21112440827219817,-0.02415814909405932,0.05911221940015583,0.3079065595058461,0.06966928887925025,0.09338280086700768,-0.022501530120965944,0.05157814519296739,0.43353492730224996,0.06592809387583594,-0.09365917886143518,0.30969163805900557
R12_SpeedExtremeHigh,0.09262182852666125,0.04774950045696083,0.13852163178948712,0.039175934424103165,-0.02493293960355473,0.13804164578924324,0.05046758868533479,-0.0011306032474397542,-0.1793389653609765,-0.14630093998636776,-0.0354664555396436,-0.06223799482226246,0.03498434257767704,0.32413886347383614,0.5144301619014043,0.3294120119936154,0.14936725782911744,0.12127774587833838,-0.02324858109309906,-0.19101677138353257,1.0,-0.22474942384719185,-0.09423245562208393,-0.20793337529805153,-0.046571654447970796,-0.1922543365497739,-0.1572795261625242,-0.27499986189962156,0.17843414489606302,0.010386773294133698,-0.0731353196169923,-0.1419278469881061,-0.07516722293005158,-0.10088983369553532,-0.13882201952160428,-0.11725975922087797,0.19755589349953545,-0.22581478635528615,-0.20015004062298752,-0.26597569391836695,0.2845929935182781,-0.04885806717234974,0.07505048216393888,0.1759744326254269,-0.1818367913458223,-0.05078966450322792,0.03417474181053754,0.09550117299586205,-0.13629563757377333,0.01871395611042448,0.06297262867336727,0.19776023845823426,-0.02541842961850037,0.010355472495168943,-0.18685288520015605,-0.0766405587102299,0.22561818662461877,0.008626952705060769,-0.09875368505027081,0.09275145162998931
R1_Rural_RandomWaypoint,-0.16680177223995032,-0.19602831519120753,-0.05613406425438858,0.4159464028995774,-0.29025391434929354,-0.2552886356195418,-0.1863479753367461,-0.13282821797850516,-0.23509560152272788,-0.08159977627868097,-0.227915966733952,-0.17879193853404937,-0.1930407425579787,0.05865054453214905,-0.10051080085471611,0.12889618818398896,-0.27137823192559724,-0.07644612155689803,0.45437039253047407,0.8598025157223906,-0.22474942384719185,1.0,-0.11184859905154328,0.47488762830572934,0.15272236361396882,0.3464266648298848,0.3697962157903561,0.4846609295031826,0.22576505242227543,0.0032582070287976365,-0.1526969020606374,0.0009522868196608364,0.04091878296262041,-0.13455995711158059,0.07473627583791795,0.008966866669230708,0.028799705002724767,-0.08313106273917362,0.2089540139867893,-0.10281693709097352,-0.31009969390401576,-0.24762160268012015,0.20759410782922041,-0.039146182277043896,-0.11034044787415964,0.02337095641761315,-0.167646975857023,0.051732475078044605,0.18038613131059297,-0.0832216625717838,-0.06317057878645237,0.04335625001769912,-0.0002328710821712813,0.002822852830190424,-0.048639791432269146,-0.07782041311634762,0.11823408389812712,-0.0031089091209228013,-0.08420145598467824,0.13600574897399184
R2_VillagesTrails_ThreeClusters,-0.06919234464696507,-0.09553643012357069,-0.027248257008564064,0.006894535890064014,-0.15351638066081508,-0.07081456872883639,-0.07109470317848782,-0.06546524504427036,-0.17275802380816396,-0.04385677888950133,-0.14428980512490644,0.0382704005110359,0.011836830377102835,0.0668893429652837,0.014399864567338147,0.1709294687319163,-0.066261955691282,-0.04926423606625155,-0.1731266437660543,-0.04469775573888068,-0.09423245562208393,-0.11184859905154328,1.0,-0.014917469782895052,0.18202905932544425,-0.374076088002224,-0.07881189660149214,-0.22748616441455938,0.09701225475933807,-0.045424679602229526,0.5956041751574872,0.058838285294090936,-0.12676975405255364,-0.14083497972533732,0.14566130316136586,-0.4124085613002717,-0.03523071582326482,0.07804626559261894,-0.31714998187904503,0.5573790426770121,-0.1188144929499603,-0.1550557379714017,-0.1818717182755467,0.002116425676871616,0.5564269744562387,-0.24114970890368148,-0.09290526181623955,0.015349097224394731,-0.17191839410926343,-0.09391423750914596,-0.01761467282047808,-0.06348813523646014,-0.030270667969235443,-0.062789742584925,-0.3361406718165926,-0.14258205100866486,0.05436599378355411,-0.04946034604357886,-0.13519271754532747,-0.11636692113729735
R3_WildlifeTracking,-0.42548351499371256,-0.43711620524697486,-0.3599088458149772,-0.09269957344551735,-0.48351479250565044,-0.43312852594380585,-0.3773657229471778,0.3888057056506918,0.4689623046981711,0.6858796958173916,-0.19908362647856237,0.6029718135029598,-0.18472729897560208,-0.08984067115981774,-0.20829104883015717,-0.09854798345605639,-0.44977423292778274,-0.3534646670013391,0.6449019765173187,0.780171582426912,-0.20793337529805153,0.47488762830572934,-0.014917469782895052,1.0,0.10799016760343341,0.1678142098301219,0.23308067151659664,0.2205022763413387,0.3088837858838491,0.012220794264787551,-0.20868130723756673,-0.04799871315416314,0.1926343480024617,-0.1760166296046096,-0.1136078241273084,-0.1160311879571486,-0.11713060927036978,-0.1398777298484149,0.1392938486841572,-0.22223012870385403,-0.22294084934712444,0.030223697340681345,0.2488606617663553,-0.11115358382187945,-0.017759050846829376,0.05129501125025715,-0.004555438014588738,0.08620418872000493,0.19527585716354748,-0.04240720921581431,0.11299388640321212,0.1867748249490415,0.06770740497462482,0.004715418747681306,0.09499290967042764,0.14611975120774884,0.24739475700583777,-0.000746244020699949,-0.10938041681363597,0.15734524750186366
R4_ParkRangers_HelsinkiMedium,-0.13020093009099723,-0.15730832911166032,-0.06507638125890737,0.12688152145139206,-0.3154645102020647,-0.1285358520501753,-0.14200208776673484,-0.03141454900166475,-0.22396017928318518,-0.09034020164581139,-0.17088048066779962,-0.08994697255854966,-0.02389706124657971,0.7795185843936653,0.750167381430551,0.26455597124750185,-0.1379280843270199,-0.06441930821422757,0.057422568253469405,0.16315068231277088,-0.046571654447970796,0.15272236361396882,0.18202905932544425,0.10799016760343341,1.0,-0.09599528405882723,0.03944185785925152,-0.09543550521806166,0.09799464107731816,-0.016230045228553022,-0.22783261847103312,-0.24579331567194154,-0.22204293329813174,-0.14062842994851826,0.8677075183352627,-0.3267911750504469,-0.19399050940453172,-0.15860800305727418,-0.19338520004922052,-0.16379858556362256,-0.29776637311654924,-0.23192194786323825,-0.1798347974542229,-0.26227116971253217,-0.008641146667309686,-0.14503491802016472,-0.10566740454791239,0.03543515125061778,-0.07420956903658034,-0.07288644542340392,-0.01277289189637021,0.005280188650051854,0.003967280121822012,-0.04968114992176503,-0.2551371798142025,-0.1575995807466645,0.0510541233411501,-0.029416988457052227,-0.10706931243705133,-0.09551236408890902
R5_MountainRescue,-0.3677482891042132,-0.28889233308979073,-0.38707874333666675,-0.17716959218174028,-0.2746414535549683,-0.24277480701717008,-0.254564149426883,-0.0379070149347861,0.37834258364299855,0.17424765309223406,0.019856202286333648,-0.013113324347780602,-0.13994944708877083,-0.23816067439822017,-0.22500543399544373,-0.239722086937946,-0.4253561623126493,-0.3061852736357486,0.28169980380626203,0.2891473681439982,-0.1922543365497739,0.3464266648298848,-0.374076088002224,0.1678142098301219,-0.09599528405882723,1.0,0.0689016957401814,0.7217065320480592,-0.07658968546999388,0.06140394426402115,-0.19350855377529386,0.22285330345495083,0.5672020022971369,0.22209309949800393,-0.25807720674933954,0.8258074472416729,-0.2326852527337421,0.02280370918942069,0.8646889062132013,-0.3393394452881696,-0.29768821993735906,0.6162339134355658,-0.034180376996324535,-0.28140183934399515,-0.20208497352896093,-0.11007379729589745,0.6416938325013393,0.014455846828380074,0.7665179380022995,0.2881727608549134,-0.21734647927188666,0.12852055412001892,-0.024580329017101943,-0.03477331689016159,0.7325709487706834,0.6160757301515537,0.0409237676413208,0.025997339602787283,0.14571548276720442,-0.061295317129884445
R6_SparseLongRange,-0.14778767854036495,-0.06869955888421528,-0.2746809103698357,0.08080326103718544,-0.24390099641380333,-0.42015989057992026,-0.1902591343853081,-0.048984141825131416,-0.059796489118229844,-0.07316136970846854,-0.2248329593558534,0.042002130219217365,-0.1319380260422146,0.19056018944107858,-0.08386538922675124,-0.01058079924504483,-0.24381702110082953,-0.14089744798746134,0.08123663206839993,0.3318874419847754,-0.1572795261625242,0.3697962157903561,-0.07881189660149214,0.23308067151659664,0.03944185785925152,0.0689016957401814,1.0,0.1999008683561501,0.23792750849588346,0.7254672817057292,-0.15722283507953666,-0.09278032015332141,-0.0965395381610497,-0.11578683596930818,-0.05175728270712898,-0.16612947053839286,-0.11269190636730915,-0.1374132236800845,-0.1262206597522961,-0.17096625341106744,-0.25190053080264524,-0.31718879620772417,0.008792437315408814,-0.14456647956499968,-0.08856079096631557,0.4659824529415703,-0.13031108272847153,0.0010882134003825069,-0.1268369665886466,-0.054581537144237385,0.5309960043204794,-0.16831463976801522,-0.032373494423014945,-0.04883827436982235,-0.013909057702916517,0.10940636564945475,-0.20018051141315446,-0.03584157242739032,-0.012089903604752079,0.10132476768264113
R7_SparseTinyBuffer,-0.26206083224977067,-0.13000080977309525,-0.2409545416417632,0.004425343208379045,0.004174692311234232,-0.20636413897660874,-0.14368124299064508,-0.13656129649611776,0.2584757957873407,0.14485223351804624,-0.03670067830928194,-0.014283848764869211,-0.16639876576087134,-0.10994434001050381,-0.24828853375289944,-0.21858010722761953,-0.3069552639812302,-0.19235729722183795,0.05763796115098249,0.37082316300657975,-0.27499986189962156,0.4846609295031826,-0.22748616441455938,0.2205022763413387,-0.09543550521806166,0.7217065320480592,0.1999008683561501,1.0,-0.0051191976349692575,0.020468418532711107,-0.17869747020444743,-0.06755947548020355,0.5891844372265314,0.1443752942602764,-0.14809224459763765,0.5823947496713925,-0.0015471019162149198,-0.20016650088338767,0.8013328776482087,-0.2692622213113562,-0.33765697659582555,0.4744770425232594,0.14233186268171585,-0.1991918148533974,-0.19127830463239384,-0.008818584280737436,0.6767309978646995,-0.4767061421844222,0.8529206432723486,-0.2536335748814433,-0.16234110125154175,0.12242349903702084,0.0846345245680926,-0.06992309337205248,0.7805642149636542,0.46830019032941556,-0.16755383244145353,-0.006933724221742122,0.09685964055047924,0.25238756671807344
R8_IntermittentPower,-0.522535584813069,-0.5464723259068373,-0.4271435235295732,-0.24641958335962552,-0.6280004870282497,-0.5740873717113576,-0.5907149768741887,0.10463185511193232,-0.05930572106556769,0.026572719879329115,0.0024937489391846515,0.36327877212068915,-0.02796790589836046,0.011119708954042686,-0.13400376244021903,-0.08553858635380447,-0.5151924186550294,-0.27870678117285513,0.6640227392450719,0.5253034291191869,0.17843414489606302,0.22576505242227543,0.09701225475933807,0.3088837858838491,0.09799464107731816,-0.07658968546999388,0.23792750849588346,-0.0051191976349692575,1.0,0.23300800899177943,0.05369639716294606,-0.14625269199778435,-0.03447656615479337,-0.09477576572921262,-0.06578939021181406,-0.19464723503081313,0.5944524647107331,-0.35963934641132184,-0.13661391224740577,-0.3348661814911652,0.4189037334576763,-0.043468308215244104,0.6256831810666696,0.4980621725745328,-0.16652422886721419,0.2890077498997337,0.0923055746202857,0.27686273421099716,0.004312736401907556,-0.01738743376697655,0.5018965978854183,0.5884188796958453,0.22522893437650932,0.279020583056338,-0.05726899241903944,0.19809862826002225,0.7359863349271671,0.2234032362255855,0.010464358131985136,0.6750797062442899
R9_ExtremeRange_200m,-0.2606022176979021,-0.23791499174794703,-0.20846905505724098,-0.16424425786282468,-0.2362752411728941,-0.22753148535752932,-0.21752030698618793,-0.0010159006322691035,0.013773112705251767,-0.009252562000098667,-0.06203480999699605,0.03600697744857083,-0.043843496263193005,-0.07809432928972285,-0.05939114267908171,-0.08319320043649171,-0.20294143391932568,-0.18326687938983813,0.0879374110333217,0.07677661072888049,0.010386773294133698,0.0032582070287976365,-0.045424679602229526,0.012220794264787551,-0.016230045228553022,0.06140394426402115,0.7254672817057292,0.020468418532711107,0.23300800899177943,1.0,-0.05472737442373919,-0.06831150348495958,-0.03991859222295037,-0.08667160282573876,-0.07782659408020691,-0.020195805609929875,0.14223793888408548,-0.1269683385337345,0.05318238410387836,-0.14384986893661897,0.10787162937052047,0.05563015498784865,0.19632639602830398,0.09704818181142669,-0.10705051605485,0.02201638625174291,0.08265602535929305,0.06194725456909585,0.0033704129033970227,0.03593336196516228,0.11866338784990686,0.2079936711744373,-0.001282536043264711,0.017312251148854985,-0.02374533431369931,0.1291081054493925,0.16879383142298565,0.003263615769319191,-0.06066316375876238,0.11998529485818543
D1_ShelterHotspots_Clusters,-0.1930961573261829,-0.21608383468721348,-0.16222604188714682,-0.28539819866328814,-0.049074916396220504,-0.16573281287561123,-0.16914365698031905,-0.02701695404871418,-0.12393095471856262,-0.1374804979312684,-0.03195907473547069,-0.0632897146759036,-0.01996856844206855,-0.25698050145163004,-0.23255534841124065,-0.260910384531393,-0.16096282190626496,-0.17179566800548343,-0.0384258720059358,-0.15294566664437184,-0.0731353196169923,-0.1526969020606374,0.5956041751574872,-0.20868130723756673,-0.22783261847103312,-0.19350855377529386,-0.15722283507953666,-0.17869747020444743,0.05369639716294606,-0.05472737442373919,1.0,0.5110089801521492,-0.11747226309361478,-0.09566205082589019,-0.04556686876989601,-0.03842975815858145,0.2681699925036648,0.3371424782563114,-0.11293629244038851,0.8076636467728474,0.2979390905139169,-0.03364173653414893,0.16523065815590562,0.3995564174907216,0.6550681183093126,0.01404190365375777,-0.10393630072555818,0.024334997111288743,-0.14026975132540573,-0.03224879419956909,-0.012018700498534988,0.09323054058830807,-0.07791285280508783,-0.04738122248007103,-0.10493597986792179,-0.12509284892047776,0.10725259028910589,-0.043032680944809394,-0.13791629963526475,0.11515036421315801
