,U1_CBD_Commuting_HelsinkiMedium,U2_SparseSuburb_HelsinkiMedium,U3_MicroMobility_HelsinkiMedium,U4_CongestionHotspot_HelsinkiMedium,U5_WorkdayShort_HelsinkiMedium,U6_OfficeWaitHeavyTail_HelsinkiMedium,U7_HighTimeVariance_HelsinkiMedium,C1_Campus_ClassChange,C2_ExamDay_LongStays,C3_Hackathon_24h,C4_Stadium_IngressEgress,C5_Library_Quiet,C6_EmergencyDrill_Evacuation,V1_TaxiLow_HelsinkiMedium,V2_TaxiHigh_HelsinkiMedium,V3_BusOnlyCarriers_HelsinkiMedium,V4_CarOwnership_0_HelsinkiMedium,V5_CarOwnership_100_HelsinkiMedium,R10_TinyRange_5m,R11_SpeedExtremeLow,R12_SpeedExtremeHigh,R1_Rural_RandomWaypoint,R2_VillagesTrails_ThreeClusters,R3_WildlifeTracking,R4_ParkRangers_HelsinkiMedium,R5_MountainRescue,R6_SparseLongRange,R7_SparseTinyBuffer,R8_IntermittentPower,R9_ExtremeRange_200m,D1_ShelterHotspots_Clusters,D2_PartitionedCity_MuleBridge,D3_Aftershock_ErraticMobility,D4_MedicalTriage_TwoClasses,D5_UAVMule_FastRoute_HelsinkiMedium,D6_ShortTtlCritical_5to10min,D7_HighLoad_TrafficStorm,D8_InfrastructureReturns_BackboneLinks,D9_Critical_1minTTL,S1_StrongCommunities_SeparateClusters,S2_WeakCommunities_HighMixing,S3_PeriodicMeetings_RegularRhythm,S4_RandomMixing_NoHotspots,S5_TwoLayer_StudentsStaff,S6_FamilyGroups_SmallPersistent,T10_HighRateLowSpeed_Congestion,T11_TTL_1min,T12_TTL_Infinite_Buffer200M,T13_Buffer_256k,T14_Buffer_200M,T15_TransmitSpeed_256k,T1_ManySmallMsgs_HighRate,T2_FewHugeMsgs_LowRate,T3_MixedBimodal_SmallAndLarge,T4_VeryShortTtl_5to10min,T5_VeryLongTtl_6to24h,T6_UniformSources_RandomFromTo,T7_TargetedToHubs_FewDestinations,T8_BurstTraffic_TimeWindows,T9_BufferStress_SmallBufferHighTraffic
U1_CBD_Commuting_HelsinkiMedium,1.0,0.8118344013207,0.7649831892455778,0.9657186187935611,0.7587227683187208,0.901243822466755,0.8298653963524067,-0.2121637520226355,-0.44179319423738883,-0.32470731337989045,-0.19113608548100747,-0.4607576387488748,0.005816775549123886,0.03889239421933022,0.18690150181729906,0.5437641543907707,0.9605196791991941,0.7631201623467955,-0.4742831702444389,-0.32880638532174516,0.14092791064798493,-0.08939980976988275,-0.03772164805299082,-0.37515220979095276,-0.06232384480040915,-0.39977359299076665,-0.29094778172826685,-0.268608482735608,-0.44385185748255795,-0.21060650259361605,-0.16284187048082577,-0.2469404821932492,-0.30742209108256585,-0.25063961875686486,0.052661352842912436,-0.31262942276763356,-0.07446880156022484,-0.13529033032252524,-0.2735662374452078,0.07142186691074323,-0.0958027915585433,-0.3023221141960991,-0.25700686500109643,-0.10838279826634968,-0.04353649600749352,-0.35395468287684667,-0.3200213057595062,-0.20316676325313754,-0.26380601352405636,-0.23061309472795966,-0.4104960625408808,-0.213461600946277,-0.1763336995718104,-0.26623782588490336,-0.42508510592052307,-0.5420679024129526,-0.26509941135747733,-0.20023412345227437,-0.2903263451986491,-0.2838951293211803
U2_SparseSuburb_HelsinkiMedium,0.8118344013207,1.0,0.4876339738823907,0.7600384272911552,0.6395952778479003,0.7952237545525995,0.7465790858835268,-0.29007049656062417,-0.5584127860549213,-0.393646876942368,-0.3379279525171228,-0.5063915664174641,-0.11359454174822577,0.27098230142701013,0.28497315655822597,0.7105728369627949,0.8126350326550873,0.6435723525801371,-0.30634289148544347,0.07918995807306177,0.038220389393326705,0.38206720581752385,-0.009874155997237755,-0.12252005001153314,0.1491501994358109,-0.21183972399707351,0.056495215197120134,-0.04282113928966335,-0.2865190564121684,-0.17443157963242442,-0.2980176916038057,-0.3238830066367324,-0.33927861497724077,-0.26194117215355683,0.0844876487348839,-0.4115348220576674,-0.30314814503992843,-0.22979036528807467,-0.29231952020377194,-0.10899785837420067,-0.48100470426374126,-0.5205796452737221,-0.389821276197856,-0.3603394045536351,-0.04357125349022982,-0.20368687769098984,-0.3682614251954597,-0.15081625072483507,-0.22188749896517587,-0.23028933819527542,-0.20003634698365677,-0.3293874324329476,-0.16624140911368646,-0.2531951157590225,-0.4448924560143152,-0.4858010035810351,-0.3369661241686676,-0.18919627639979794,-0.24797008988058536,-0.3074752511572123
U3_MicroMobility_HelsinkiMedium,0.7649831892455778,0.4876339738823907,1.0,0.7987370342681781,0.7348798301861436,0.8137673939172502,0.8453307345184203,-0.17346739111294632,-0.18454458326595843,-0.24756031803865278,-0.07937750997102115,-0.3785452478135025,0.03204406773960381,-0.06683623871209088,0.0027669365896574017,0.11235741346612647,0.8248894386122594,0.6212583278041854,-0.7341046140578087,-0.5342466709003829,-0.04818143101598883,-0.2288798924957644,-0.15643747765058105,-0.4658987388297601,-0.29089791592870023,-0.2642452813201327,-0.21800762341158259,0.04183769694347274,-0.6344527436225357,-0.24208080805190502,-0.06230772429238035,-0.175204831020585,0.029805701547602537,-0.09276651514989706,0.01394000948327516,0.0406138240074203,-0.003807954432860486,-0.0700210734213274,-0.02624460484063983,0.21164956110824687,-0.0037167647475991896,-0.04629887177101716,-0.21971548585798267,-0.036535259880909825,-0.08207433553637974,-0.13350406214484714,-0.09109411206496884,-0.4351569011372026,-0.07331975770515906,-0.27640088490759546,-0.3055244320325739,-0.40759429236267614,-0.21096829664554656,-0.3040137253430942,-0.0014215032381252061,-0.25624021463079916,-0.5724164797411511,-0.21326133194524874,-0.15453520767973167,-0.23064081709707218
U4_CongestionHotspot_HelsinkiMedium,0.9657186187935611,0.7600384272911552,0.7987370342681781,1.0,0.8086999112767561,0.8851924228798415,0.8269403355354699,-0.22412798749779683,-0.32008442946476473,-0.25826133590167305,-0.16247891552314572,-0.4611126463753823,-0.009304530634992746,-0.03182736996095046,0.15774467393100003,0.48769111608313065,0.938585783038809,0.7115038901077241,-0.5500746338810777,-0.3769256199584389,0.09325299428114947,-0.11506710375137069,-0.06600649042614158,-0.3932301533025287,-0.09102759790223851,-0.2205478627962161,-0.3642794372128047,-0.12914098581386246,-0.5751801347297851,-0.23773292114671274,-0.18830997411292769,-0.26324014394733974,-0.1067786746873003,-0.17311829143378976,0.021270781598229465,-0.1105316946496326,-0.16474608118514142,-0.1517031300550803,-0.0718571717101023,0.04086746539614688,-0.1700464992377251,-0.09554036170115186,-0.35514800374979794,-0.1884626326396107,-0.05519148875309544,-0.4934630463161825,-0.148303617627124,-0.21523231695908443,-0.08882066299746084,-0.1387901884693716,-0.5524913989631121,-0.269115248575264,-0.18209228113631726,-0.29392638295871326,-0.27004489448539953,-0.3846373181925924,-0.31087283671449367,-0.21464247823559418,-0.2484344125500255,-0.40824646100350154
U5_WorkdayShort_HelsinkiMedium,0.7587227683187208,0.6395952778479003,0.7348798301861436,0.8086999112767561,1.0,0.8581273440618952,0.7913234095989434,-0.1983930016864833,-0.2556015099599611,-0.2522325119738242,-0.15048353860180264,-0.3846966488854178,-0.012022480693246011,0.05280103495982473,0.1291529256377338,0.3829238437958097,0.8840249976873555,0.5523139537610046,-0.6498690072103493,-0.41660705580767005,0.02921409023472995,-0.13852141602918258,-0.07746383238145008,-0.3647313852617312,-0.12082937166280575,-0.24710886830301915,-0.17115026110509746,-0.11968275606097512,-0.600603119893062,-0.22300694704798651,-0.18005321564009166,-0.25559156335201877,-0.07631247080481722,-0.0977689816720919,-0.004992673068301028,-0.13400501949535268,-0.30739263142198925,-0.15181390224630886,-0.17845203001492083,0.018997859776591353,-0.2702453826563096,-0.17988323040404994,-0.5005332335271584,-0.2771488295837929,-0.04139498378438211,-0.26274742407722324,-0.20099974264759649,-0.18348234455047466,-0.19638520960689682,-0.07197326846366123,-0.2935364444927765,-0.5092872027656303,-0.14409288762262001,-0.2950506647089648,-0.23470883992120656,-0.2763748014935995,-0.5075761731225941,-0.1968233835267627,-0.1407462609509345,-0.484252941637474
U6_OfficeWaitHeavyTail_HelsinkiMedium,0.901243822466755,0.7952237545525995,0.8137673939172502,0.8851924228798415,0.8581273440618952,1.0,0.9711798659277646,-0.23961923451271075,-0.367314262765092,-0.3556455334772122,-0.22853282551828377,-0.4139251529964083,-0.011953493702740835,0.12878709261363752,0.16028105247977328,0.4896491634213587,0.965838923096259,0.7491996356850367,-0.6425614084304758,-0.4255692715765829,0.07381665571108009,-0.13073577610425952,-0.07727021384757249,-0.41687117562151804,-0.11136419407846584,-0.36300924312510474,-0.1335702640275247,-0.24741809651127938,-0.5345076042066184,-0.26545119334210776,-0.20256019529714386,-0.2865845522887854,-0.2050618821280277,-0.18929373533527682,0.013471886097925816,-0.2469112377850774,-0.2792719875964537,-0.167502303974788,-0.3525671711065952,0.03508365048458613,-0.23010442035653433,-0.34803975399155374,-0.5074398295997834,-0.24363845047501817,-0.05480070152334534,-0.13353207131465422,-0.3476147937525741,-0.1118792503516558,-0.3680450656514185,-0.060302160187015195,-0.1462363094788917,-0.5554960885533606,-0.2116865936315261,-0.32060930670405213,-0.3623029610408968,-0.36530532699797114,-0.5158258712811254,-0.22723427783712438,-0.20276815182193264,-0.46512168210992577
U7_HighTimeVariance_HelsinkiMedium,0.8298653963524067,0.7465790858835268,0.8453307345184203,0.8269403355354699,0.7913234095989434,0.9711798659277646,1.0,-0.23733814927710692,-0.2980199351714048,-0.34121446145447953,-0.23134494374854153,-0.391521123960069,-0.026202380779975918,0.15585707572717142,0.13128792222287156,0.4306350555337694,0.9135392234991344,0.7273734214966752,-0.7092667598991124,-0.46930572275162313,0.028699401210148526,-0.15855214560360323,-0.1041104698458489,-0.4277259152689116,-0.13805649054232863,-0.2827975717002657,-0.05342222724007099,-0.11159822388697242,-0.5585651688533926,-0.2430800511267395,-0.22562721652643358,-0.29644258873129653,-0.1304612659225892,-0.15171848164182303,-0.018374741923303364,-0.16900015152821538,-0.3269650612576861,-0.17920156108579735,-0.2766018118737913,0.00582432404225626,-0.29565069527516175,-0.29010331956698854,-0.5395168683546836,-0.3165079666373334,-0.06566169688844269,-0.031123577451242432,-0.22863634248515988,-0.22185765021422274,-0.27055876882367885,-0.11041433003469292,-0.06249009822679329,-0.5990315647325934,-0.18617811460783257,-0.3456745382126372,-0.2005762992188821,-0.25705254739466343,-0.6348733197721058,-0.23939494411517903,-0.1656415928527579,-0.4300663743482364
C1_Campus_ClassChange,-0.2121637520226355,-0.29007049656062417,-0.17346739111294632,-0.22412798749779683,-0.1983930016864833,-0.23961923451271075,-0.23733814927710692,1.0,0.057988363297974806,0.06553149217924018,-0.03764755386838386,0.053643616958727866,-0.022968603501319042,-0.14151271657706993,-0.1674363787535724,-0.20231849147690648,-0.2330635475367584,-0.210460314639267,0.22037161661430005,0.04611021331080163,0.004813495946810255,-0.13352522937220468,-0.0609975179982683,0.3965934090962935,-0.04391531684922578,-0.02955489166428016,-0.046092771376497144,-0.13171365701368512,0.11758057451750203,0.003038012199069935,-0.021208411723840713,0.06410621691150109,-0.05579659865678559,-0.08799175262573461,-0.09279394296602274,-0.013514235029311313,0.026312466745107933,0.005461130057472444,-0.04264754420529771,-0.04017942239127935,0.1967524600996754,0.1168211515608391,0.2025797325367948,0.12120022456411929,-0.05434265874117819,0.05749523741423027,0.045478693007578314,0.06623830638110852,0.025650319203263713,0.030747136765302167,0.1410086174696449,0.0878375332720412,0.24014227607479458,-0.020617777533585454,0.14723013779365085,0.27796825496236643,0.18777854321156076,-0.005783424734033279,-0.09155134175357452,0.06235140686848683
C2_ExamDay_LongStays,-0.44179319423738883,-0.5584127860549213,-0.18454458326595843,-0.32008442946476473,-0.2556015099599611,-0.367314262765092,-0.2980199351714048,0.057988363297974806,1.0,0.9087228173593389,0.05888131946390541,0.833942812215807,-0.06019063294499347,-0.35172084759698863,-0.3573867255123563,-0.4706690533984442,-0.4173640325048373,-0.36772834771732793,0.23898945850616554,0.09947394450686138,-0.167217402365485,-0.23897328443782875,-0.16490501498064838,0.47821626933777506,-0.24203282555368613,0.3938897941520577,-0.055706810397970485,0.2748245090116063,-0.038310700381829536,0.020627709820194372,-0.113123898672916,0.07457862359315333,0.6623823148030493,0.09841082801726356,-0.31021109518721746,0.47058482275861196,-0.1562964695714228,-0.03794535007371902,0.4972389836064561,-0.18384749923586563,-0.009700906086730627,0.6373762784646774,0.04399509048552373,-0.11470914631027614,-0.052752132795911705,0.017053484285937094,0.4520074434286218,0.0609524760194303,0.40986435769330964,0.26323450092395145,0.0025562143103876893,0.0812196797912007,0.035101129919921405,-0.04102155015319263,0.5431374976763156,0.5190157231903315,0.05097735688027908,-0.00457084788194759,0.0799415810519977,-0.01335779973636031
C3_Hackathon_24h,-0.32470731337989045,-0.393646876942368,-0.24756031803865278,-0.25826133590167305,-0.2522325119738242,-0.3556455334772122,-0.34121446145447953,0.06553149217924018,0.9087228173593389,1.0,-0.01042596385750712,0.8828638542410956,-0.080332584220114,-0.2778454681101942,-0.253955643774996,-0.2930643921682622,-0.3467184693689807,-0.3279241772641783,0.37863899442626103,0.3172145258659605,-0.1389720164614238,-0.08013098580750631,-0.03899782243374121,0.6954090369602308,-0.10340167457795504,0.1853813057870929,-0.07035708246829599,0.15630357275952483,0.04020895001480681,-0.004768486264690119,-0.1305386885332224,0.008550555361951385,0.4747156900486693,-0.029464351896586118,-0.22019625399869958,0.15792167666362694,-0.12750269002139153,-0.05644514873643963,0.33257629230366537,-0.14609825992113742,-0.06392456071897876,0.42484725354489766,0.13277375257291765,-0.11192608872638561,0.02364910543728613,-0.08715091679811209,0.2501662456656548,0.023586957761345752,0.3002031001614821,0.0827243853345761,-0.0849128938684594,0.19700448678217458,0.008219091543318253,-0.018759852895961417,0.2872531613248774,0.23403767637219225,0.15275604082869101,-0.011916899911833137,-0.023830051932810667,0.05030137023915089
C4_Stadium_IngressEgress,-0.19113608548100747,-0.3379279525171228,-0.07937750997102115,-0.16247891552314572,-0.15048353860180264,-0.22853282551828377,-0.23134494374854153,-0.03764755386838386,0.05888131946390541,-0.01042596385750712,1.0,0.013370269546396656,-0.011186917684381984,-0.2303131647442091,-0.19999915328490864,-0.25807868548480384,-0.20555151263016352,-0.2263087224401892,-0.013671971015930947,-0.19488753222431332,-0.02983740068887743,-0.23208245030854982,-0.1427737927581681,-0.19431402653728133,-0.18209524192968782,0.030920834322173487,-0.222934944396872,-0.029258953204691532,0.013892479414257168,-0.05794991586196923,-0.026173235447376004,-0.014334626655293694,0.04383510162532188,0.2287351741097649,-0.13132538284305495,0.15741449552316827,0.17407713248862486,0.24138523623592553,0.1095783535427171,-0.057979179894572686,0.21480422170009056,0.18800845115984324,0.11890585400115596,0.10659220907015775,-0.1408040839340241,-0.03948120657349691,0.14838489009474987,-0.03391705238839279,0.09269542106151296,0.0044052279752222956,-0.07664850580028207,0.16888875606364442,-0.05755193454504641,0.4875736121899571,0.12534608155561058,0.045327895257838785,0.10389681915021311,-0.046892987422189475,0.9267360690241906,0.10792028638766266
C5_Library_Quiet,-0.4607576387488748,-0.5063915664174641,-0.3785452478135025,-0.4611126463753823,-0.3846966488854178,-0.4139251529964083,-0.391521123960069,0.053643616958727866,0.833942812215807,0.8828638542410956,0.013370269546396656,1.0,-0.04209912397777605,-0.20064463013827857,-0.2903874612320544,-0.33696458012471175,-0.45104472589677613,-0.3555856567219019,0.43272160732863757,0.29374692688817083,-0.05510816591931126,-0.18111989229335979,0.03628181612405404,0.6124044368040621,-0.10698912832943083,0.004993646704236925,0.044985351075048134,-0.005583535803925798,0.3752425789174618,0.04067640153772303,-0.05541591570425223,-0.07737696652119277,0.4144753694494493,-0.029725264893176888,-0.21860304939513872,0.0362287992334392,0.062446560154989755,-0.18558244906550195,0.0842846892415054,-0.2089749823557581,0.1431928416462831,0.3144375981357391,0.22161881371719802,0.09442264242826753,-0.013690150214270738,0.17629548603596185,0.18656966539629508,0.20768680578205095,0.09167005729790889,0.174791403841293,0.300046137933548,0.20555179153351513,0.07191610392100904,0.07859390051019627,0.18979139402058642,0.32748649353517123,0.2917316728112473,0.06754230934031055,0.0338898671216271,0.20836733678127878
C6_EmergencyDrill_Evacuation,0.005816775549123886,-0.11359454174822577,0.03204406773960381,-0.009304530634992746,-0.012022480693246011,-0.011953493702740835,-0.026202380779975918,-0.022968603501319042,-0.06019063294499347,-0.080332584220114,-0.011186917684381984,-0.04209912397777605,1.0,-0.023122324771250348,-0.0037836230513328246,-0.03329005366015993,-0.0024880649305879625,-0.007175497806904355,-0.07371135765698714,-0.19473383544525238,0.03880661499164283,-0.1977389825419438,0.013497497981701198,-0.18169906936449282,-0.033392150046960764,-0.13311270027335612,-0.13062317946326793,-0.16441651452715472,-0.020101042211579958,-0.04093493706952363,-0.01578209138190999,-0.01686552910128447,-0.10179227453454283,-0.07647220065023017,0.0271955111382524,-0.03343093628152569,0.10161796022212574,0.03549077073217057,-0.0941712217225997,0.07889724451470763,0.15771342634523913,-0.020214528023771734,0.03523129122921504,0.07480558530471569,-0.03895042764776766,0.010723740268935055,-0.04837350022348439,-0.002517627029111921,-0.10333630817448226,-0.01665186689840757,-0.0037499928191454587,0.04335474762764153,-0.05761215837513802,-0.043014660250658705,-0.06276507073113766,-0.09163987198339461,0.020932092143711657,-0.03498548325955871,-0.07864850416738418,0.032081339544907043
V1_TaxiLow_HelsinkiMedium,0.03889239421933022,0.27098230142701013,-0.06683623871209088,-0.03182736996095046,0.05280103495982473,0.12878709261363752,0.15585707572717142,-0.14151271657706993,-0.35172084759698863,-0.2778454681101942,-0.2303131647442091,-0.20064463013827857,-0.023122324771250348,1.0,0.9017431865675903,0.3987579480687901,0.10117629289624967,0.10513240747502184,-0.21920244945213366,-0.046796642552913874,0.3107825732170925,0.07928423371611695,0.06776260533695894,-0.08850269331398328,0.7831575884579781,-0.24492655379741962,0.1969057148804524,-0.1053175393769812,0.003580453323634109,-0.08222033697850739,-0.2625109084263778,-0.2809272921456442,-0.31619914975066804,-0.15255297443334245,0.6814356850799071,-0.42253302815519805,-0.259319260827947,-0.19447415540535662,-0.40074630681146556,-0.20440307289286846,-0.34711868660199796,-0.4696914288886752,-0.31283909517103364,-0.3405865663426848,-0.06325397831513123,0.19678615742301309,-0.18775326555867797,-0.1407798405122594,-0.24206828331988128,-0.2197493401206788,0.28730137873165823,-0.2278170207283967,-0.06141865398062717,-0.12903067292423764,-0.24992756709973452,-0.2382365968432233,-0.30051408991033574,-0.08131199026754135,-0.08821292345288154,-0.06830241115667444
V2_TaxiHigh_HelsinkiMedium,0.18690150181729906,0.28497315655822597,0.0027669365896574017,0.15774467393100003,0.1291529256377338,0.16028105247977328,0.13128792222287156,-0.1674363787535724,-0.3573867255123563,-0.253955643774996,-0.19999915328490864,-0.2903874612320544,-0.0037836230513328246,0.9017431865675903,1.0,0.43435552839077163,0.1802389574636193,0.1426255564583119,-0.22986160662267943,-0.10108037569461381,0.467285349331438,0.041356969856757644,0.03238857566296536,-0.1702954595387795,0.7723956008344564,-0.21254281872116068,-0.028652783667308127,-0.1718221078981747,-0.12799788206827642,-0.0699271490614794,-0.2526391693687776,-0.27177770460036477,-0.2361273786650371,-0.17894771464174544,0.7187622246186003,-0.3091571820003832,-0.17301211964924587,-0.1786389118412017,-0.2703122782577737,-0.15566271845258423,-0.21380256500590344,-0.3099010868040102,-0.26860759000827233,-0.23580007644990456,-0.09923564997911134,-0.14808480280051745,-0.17209641265128325,-0.06201743679506841,-0.18839950479737472,-0.11937170299118624,-0.08109329538668436,-0.13130277145795685,-0.08377127800222088,-0.14765674565036377,-0.3295212288634214,-0.30228645292701634,-0.14243086086286463,-0.10754391450868656,-0.16577821004115903,-0.1840099898319199
V3_BusOnlyCarriers_HelsinkiMedium,0.5437641543907707,0.7105728369627949,0.11235741346612647,0.48769111608313065,0.3829238437958097,0.4896491634213587,0.4306350555337694,-0.20231849147690648,-0.4706690533984442,-0.2930643921682622,-0.25807868548480384,-0.33696458012471175,-0.03329005366015993,0.3987579480687901,0.43435552839077163,1.0,0.5202413159275646,0.47309283145390163,-0.19557680936129698,0.001428490457556319,0.31777539221023393,0.13825063837686472,0.17217757452031326,-0.10218594317346233,0.2794295938307266,-0.25232994426030236,-0.009786923707225819,-0.22433270260664395,-0.09507388615206545,-0.08730639021905609,-0.26587338786157444,-0.33676575305041817,-0.3749852474830494,-0.1944811091416763,0.08886282557261403,-0.4965931236917298,-0.32724101533900934,-0.23964390155497842,-0.373196559232354,-0.19262676688612917,-0.42691039980522444,-0.44051788507997186,-0.4054371699437614,-0.3554321024522985,0.06909763687508119,-0.24427863921810383,-0.24201541196883225,-0.03472268399610013,-0.22790153185528547,-0.147302656833013,-0.10577527664760043,-0.148683017837283,-0.07537572127046421,-0.15078723746933548,-0.4750768422883571,-0.3955526105944464,-0.12986408666571098,-0.1007190541573529,-0.18151185043704968,-0.2686558959810683
V4_CarOwnership_0_HelsinkiMedium,0.9605196791991941,0.8126350326550873,0.8248894386122594,0.938585783038809,0.8840249976873555,0.965838923096259,0.9135392234991344,-0.2330635475367584,-0.4173640325048373,-0.3467184693689807,-0.20555151263016352,-0.45104472589677613,-0.0024880649305879625,0.10117629289624967,0.1802389574636193,0.5202413159275646,1.0,0.7529458526511704,-0.6092916664366802,-0.3977333933660784,0.10234460723163946,-0.1197753171183653,-0.04815834455821948,-0.40491274371308156,-0.09053541376557317,-0.4084145091642605,-0.1816222471411014,-0.22242859541853932,-0.5054232146155259,-0.21209007906307045,-0.1840395208252388,-0.29257598857082234,-0.2643101487445559,-0.21374264638434182,0.03537593529260928,-0.3080870161550014,-0.17208504674359296,-0.1721937362062058,-0.3129535175736559,0.04877993851341151,-0.18689820002562724,-0.3354845527567141,-0.3792023598897454,-0.19249551774030144,-0.04592667185323622,-0.23848661063882123,-0.3111414773711566,-0.2442651562686931,-0.2931630233520209,-0.22681958923751233,-0.27986671606646013,-0.38325090055125216,-0.1958820645830966,-0.29970596481376804,-0.37428617341587245,-0.472980778490405,-0.4395494928978295,-0.21467658049948662,-0.2414335544249315,-0.34687137274964414
V5_CarOwnership_100_HelsinkiMedium,0.7631201623467955,0.6435723525801371,0.6212583278041854,0.7115038901077241,0.5523139537610046,0.7491996356850367,0.7273734214966752,-0.210460314639267,-0.36772834771732793,-0.3279241772641783,-0.2263087224401892,-0.3555856567219019,-0.007175497806904355,0.10513240747502184,0.1426255564583119,0.47309283145390163,0.7529458526511704,1.0,-0.39234621847143175,-0.3083146955797471,0.12415393890292087,-0.10476692374895384,-0.05731929056707596,-0.36503882969286566,-0.06436351969629453,-0.314255257244303,-0.152446194482026,-0.21336005448046141,-0.2888258789949033,-0.18388220531099447,-0.17090939699364593,-0.2231492783296029,-0.2737440099631614,-0.2542514323444083,0.024145233843726212,-0.23899375261491332,-0.056544333922434624,-0.12472374182506688,-0.27725323976695543,0.04281438351159979,-0.06597850792439176,-0.2996138877169005,-0.21976534248966553,-0.10170471425445621,-0.06220409605530412,-0.08392995650033276,-0.2523726033538882,-0.1568096721999153,-0.2580481841120645,-0.176281047067223,-0.124932970797952,-0.21214624845524457,-0.1877224181758973,-0.25173688794227883,-0.2904915317631593,-0.3852003514804902,-0.2748565781804185,-0.19885743831469999,-0.26276305592510585,-0.16817846061219094
R10_TinyRange_5m,-0.4742831702444389,-0.30634289148544347,-0.7341046140578087,-0.5500746338810777,-0.6498690072103493,-0.6425614084304758,-0.7092667598991124,0.22037161661430005,0.23898945850616554,0.37863899442626103,-0.013671971015930947,0.43272160732863757,-0.07371135765698714,-0.21920244945213366,-0.22986160662267943,-0.19557680936129698,-0.6092916664366802,-0.39234621847143175,1.0,0.756918744614724,-0.00638872637282378,0.4279174124739921,-0.16705781441241038,0.6382904859391464,0.04343861157848995,0.2722432971880601,0.06522293207036772,0.03464764646578478,0.6770154677769609,0.09349197447631705,-0.028947515201852056,0.30838059241691973,-0.04554919562591197,-0.11998203593955879,-0.16395470186398914,0.029327841538501074,0.3025148324265614,0.054796373894925005,0.15583385848392925,-0.2323778359738905,0.250296374984238,0.04630464450486348,0.622793551459524,0.2737862126571911,-0.1272738865976906,0.17378485450029837,-0.015083488105074334,0.34344501910806535,0.13381016324426478,0.11024277298130279,0.15600414682825742,0.6545935848998801,0.1479703987178258,0.1989802341550408,0.04410404205012267,0.06993003774070913,0.721480231643099,0.1630976216297309,-0.058754657925617036,0.505010716784875
R11_SpeedExtremeLow,-0.32880638532174516,0.07918995807306177,-0.5342466709003829,-0.3769256199584389,-0.41660705580767005,-0.4255692715765829,-0.46930572275162313,0.04611021331080163,0.09947394450686138,0.3172145258659605,-0.19488753222431332,0.29374692688817083,-0.19473383544525238,-0.046796642552913874,-0.10108037569461381,0.001428490457556319,-0.3977333933660784,-0.3083146955797471,0.756918744614724,1.0,-0.1925341255931116,0.8470861432469295,-0.05937377599259686,0.7802942135568852,0.18468290342063562,0.26550283016252973,0.3120630390978124,0.3341396289308754,0.5159898575435717,0.07453712376978677,-0.16173029571588254,-0.03129806081226142,0.1007129242286509,-0.17794485019319148,-0.027102842125260814,-0.08199401481206565,0.12371060337114508,-0.187557365706048,0.17085899144451203,-0.2529224647561954,-0.1432914549237755,-0.10147614495258585,0.3932010202335911,0.06285096817965913,-0.11706407511797962,0.03345350405034489,-0.08097929574836561,0.18909942517611775,0.1900206204271022,-0.024095427623734005,0.05935243838323914,0.31138047018582,0.0703298620100488,0.08734272309722478,-0.03815750094351607,0.032374449511350316,0.4302710861055295,0.06333866434242334,-0.10041699089016763,0.29820934750547046
R12_SpeedExtremeHigh,0.14092791064798493,0.038220389393326705,-0.04818143101598883,0.09325299428114947,0.02921409023472995,0.07381665571108009,0.028699401210148526,0.004813495946810255,-0.167217402365485,-0.1389720164614238,-0.02983740068887743,-0.05510816591931126,0.03880661499164283,0.3107825732170925,0.467285349331438,0.31777539221023393,0.10234460723163946,0.12415393890292087,-0.00638872637282378,-0.1925341255931116,1.0,-0.23414910705945605,-0.09852602629193723,-0.20446392212759423,-0.06019885613396139,-0.17986450036806434,-0.15750466948015066,-0.27635164263916134,0.18607784067977814,0.013963566811735112,-0.06692979220559002,-0.12456050503123953,-0.07209738904445108,-0.09659776099135,-0.14198398211927865,-0.10225607916830397,0.2044695773693216,-0.2111067859753404,-0.18926994720310994,-0.25763065083061915,0.29211961988152907,-0.03959991590463007,0.08891960329215444,0.1838439741395923,-0.17820717647419418,-0.03980716324888988,0.040196951380670344,0.09925113128579302,-0.1294230447435949,0.02396782633366812,0.06743035401064246,0.20839028109952518,-0.022055530208826717,0.01501780202903041,-0.17251014804692447,-0.0685381626658968,0.23335840657723234,0.012216206627153874,-0.09507084771636057,0.10395711856179135
R1_Rural_RandomWaypoint,-0.08939980976988275,0.38206720581752385,-0.2288798924957644,-0.11506710375137069,-0.13852141602918258,-0.13073577610425952,-0.15855214560360323,-0.13352522937220468,-0.23897328443782875,-0.08013098580750631,-0.23208245030854982,-0.18111989229335979,-0.1977389825419438,0.07928423371611695,0.041356969856757644,0.13825063837686472,-0.1197753171183653,-0.10476692374895384,0.4279174124739921,0.8470861432469295,-0.23414910705945605,1.0,-0.13057382523049524,0.4595506418917676,0.1898883356711575,0.31380731829285263,0.35096422432312907,0.44917132014076716,0.1963076960267323,-0.00520928938962021,-0.16868719024991757,-0.005895597048282808,0.0028055754469150894,-0.1451116722108067,0.07241313436293911,-0.02769020183152624,-0.004154856617520522,-0.09364737560774503,0.17430450579035395,-0.12693618810046225,-0.323861035747612,-0.26695181611987356,0.17112417322479143,-0.07291473872188388,-0.12070804378315575,0.011415921967126114,-0.18964120094611425,0.04519488344547055,0.1504761495463052,-0.09037776954078454,-0.0719965564569963,0.029346317702485622,-0.004963195027474271,-0.011584149870823752,-0.07812688915629105,-0.11211539064660163,0.0963222965206454,-0.011848196264335132,-0.09493583068357403,0.10820554064409565
R2_VillagesTrails_ThreeClusters,-0.03772164805299082,-0.009874155997237755,-0.15643747765058105,-0.06600649042614158,-0.07746383238145008,-0.07727021384757249,-0.1041104698458489,-0.0609975179982683,-0.16490501498064838,-0.03899782243374121,-0.1427737927581681,0.03628181612405404,0.013497497981701198,0.06776260533695894,0.03238857566296536,0.17217757452031326,-0.04815834455821948,-0.05731929056707596,-0.16705781441241038,-0.05937377599259686,-0.09852602629193723,-0.13057382523049524,1.0,-0.01931222361894119,0.1836641897666995,-0.37348105259115394,-0.08711844035164201,-0.24578734636912344,0.08167890396853002,-0.048425296426190534,0.5985283424777712,0.09206944017478236,-0.14659161590411326,-0.14259249739701035,0.14779708926625942,-0.4093345121615658,-0.04930637434218282,0.10718244359755205,-0.3195044926414701,0.5668828839413438,-0.11924955433547212,-0.15902569647409692,-0.1844603326988474,-0.009608089021565678,0.560758388454334,-0.23075594168772692,-0.10144863755649862,0.012994182596622663,-0.17883171271404522,-0.09333445032570926,-0.019560007742425868,-0.05908916804497335,-0.031369146004782134,-0.06835405028797434,-0.33199590975327387,-0.15558806191931351,0.04563702404547106,-0.05248856299132481,-0.1383640274261668,-0.11802936630981545
R3_WildlifeTracking,-0.37515220979095276,-0.12252005001153314,-0.4658987388297601,-0.3932301533025287,-0.3647313852617312,-0.41687117562151804,-0.4277259152689116,0.3965934090962935,0.47821626933777506,0.6954090369602308,-0.19431402653728133,0.6124044368040621,-0.18169906936449282,-0.08850269331398328,-0.1702954595387795,-0.10218594317346233,-0.40491274371308156,-0.36503882969286566,0.6382904859391464,0.7802942135568852,-0.20446392212759423,0.4595506418917676,-0.01931222361894119,1.0,0.112325648032886,0.15447585019430196,0.2204219517665491,0.20016414683337824,0.30186417431805573,0.01123552554658267,-0.20975499824894528,-0.04535118531557653,0.18293208016124324,-0.1765040132586653,-0.11960042600430869,-0.12528288010018335,-0.1269206789042865,-0.13908777088418725,0.1272861369941979,-0.22838322235623468,-0.21593270969144526,0.03240525789071868,0.2388968674937247,-0.11872211546363942,-0.018080028790379947,0.050607566138039024,-0.0057382091595099246,0.08589762239356287,0.1851549148001224,-0.040914720660916594,0.1143788069569839,0.18716233910974858,0.06834115254578339,0.0021249437288885964,0.09033956250979079,0.14041505869164525,0.24377556243396212,-0.0018087976322748874,-0.11071527241023871,0.15056828293155286
R4_ParkRangers_HelsinkiMedium,-0.06232384480040915,0.1491501994358109,-0.29089791592870023,-0.09102759790223851,-0.12082937166280575,-0.11136419407846584,-0.13805649054232863,-0.04391531684922578,-0.24203282555368613,-0.10340167457795504,-0.18209524192968782,-0.10698912832943083,-0.033392150046960764,0.7831575884579781,0.7723956008344564,0.2794295938307266,-0.09053541376557317,-0.06436351969629453,0.04343861157848995,0.18468290342063562,-0.06019885613396139,0.1898883356711575,0.1836641897666995,0.112325648032886,1.0,-0.10068940465318128,0.05047263733224224,-0.08305480678066425,0.08968668246024844,-0.022015714970140213,-0.23519484394504955,-0.26920366725008354,-0.22212389301574945,-0.1461767026325927,0.8699731994625677,-0.3361046969069047,-0.20094860848198684,-0.17828806091294852,-0.19737761773194962,-0.16898106551179778,-0.31579287168778336,-0.24542162026294304,-0.19121394743107833,-0.2713322476595586,-0.013847936475567715,-0.15550506552280102,-0.11597564892893232,0.02806691566329082,-0.07552726273719432,-0.08178681745876565,-0.02154901333316642,-0.014787478106963221,-0.0020052519842074542,-0.056317949639519686,-0.26581705009366896,-0.16668433495117896,0.03599177766900304,-0.035066308785424334,-0.11154232697722555,-0.10700618495049884
R5_MountainRescue,-0.39977359299076665,-0.21183972399707351,-0.2642452813201327,-0.2205478627962161,-0.24710886830301915,-0.36300924312510474,-0.2827975717002657,-0.02955489166428016,0.3938897941520577,0.1853813057870929,0.030920834322173487,0.004993646704236925,-0.13311270027335612,-0.24492655379741962,-0.21254281872116068,-0.25232994426030236,-0.4084145091642605,-0.314255257244303,0.2722432971880601,0.26550283016252973,-0.17986450036806434,0.31380731829285263,-0.37348105259115394,0.15447585019430196,-0.10068940465318128,1.0,0.05129923144279066,0.7171379665392298,-0.07533946554820128,0.06523652288960408,-0.1891117523245654,0.2219439129546889,0.5759209967165455,0.22853567642862918,-0.27189913427295503,0.8256572647289278,-0.23237168718728024,0.017923671098145442,0.8638548644883824,-0.3472738572213148,-0.27909046237577284,0.6317463358903622,-0.03955201591022736,-0.27843245506461467,-0.20115256928546565,-0.11575900149128414,0.6565863944314158,0.018464962990875345,0.7680621310884633,0.2962993683937222,-0.2130538749961924,0.1358713106475293,-0.021419831657283922,-0.03146526841824972,0.734707513489543,0.6277364917860903,0.04881957725828783,0.02948554129893396,0.15033058863335036,-0.06327421470079546
R6_SparseLongRange,-0.29094778172826685,0.056495215197120134,-0.21800762341158259,-0.3642794372128047,-0.17115026110509746,-0.1335702640275247,-0.05342222724007099,-0.046092771376497144,-0.055706810397970485,-0.07035708246829599,-0.222934944396872,0.044985351075048134,-0.13062317946326793,0.1969057148804524,-0.028652783667308127,-0.009786923707225819,-0.1816222471411014,-0.152446194482026,0.06522293207036772,0.3120630390978124,-0.15750466948015066,0.35096422432312907,-0.08711844035164201,0.2204219517665491,0.05047263733224224,0.05129923144279066,1.0,0.17789907876029734,0.22430510884947114,0.727556450765978,-0.16124850807265506,-0.09308237320871075,-0.11526828781123101,-0.11792641627024472,-0.05465031684677354,-0.17987247263975528,-0.1277653430366931,-0.13835702679397657,-0.14463663656531903,-0.17891665284743635,-0.2509972300908131,-0.3206518795558971,-0.0077836316016277616,-0.15820327586121322,-0.09106529766956581,0.46723571859228463,-0.13669517854769495,-0.0021319131350821985,-0.143576115463838,-0.05554437239665599,0.5323803052236777,-0.1725421442280954,-0.03415123970648343,-0.05479004319912626,-0.02295926945702238,0.09806383178791911,-0.21132724216611978,-0.0392826565490876,-0.014660205674148774,0.08963648105807816
R7_SparseTinyBuffer,-0.268608482735608,-0.04282113928966335,0.04183769694347274,-0.12914098581386246,-0.11968275606097512,-0.24741809651127938,-0.11159822388697242,-0.13171365701368512,0.2748245090116063,0.15630357275952483,-0.029258953204691532,-0.005583535803925798,-0.16441651452715472,-0.1053175393769812,-0.1718221078981747,-0.22433270260664395,-0.22242859541853932,-0.21336005448046141,0.03464764646578478,0.3341396289308754,-0.27635164263916134,0.44917132014076716,-0.24578734636912344,0.20016414683337824,-0.08305480678066425,0.7171379665392298,0.17789907876029734,1.0,-0.029832988636722013,0.017276687009380984,-0.18516353039074204,-0.06373922860651005,0.5826214622783588,0.14719112233679105,-0.15784816479412211,0.5776973577477559,-0.02135174740862004,-0.20137682718415903,0.7987905738239375,-0.28499486193727946,-0.3360006293404921,0.4823733903166379,0.1217077202305396,-0.22078472162428212,-0.19748061852174537,-0.011798884034856277,0.6855337518987336,-0.4911512438615534,0.8532870644692641,-0.25804469349545006,-0.16686323771422237,0.12166051773394439,0.08548925703028494,-0.07869576915666834,0.784839545212372,0.46285235463535573,-0.1837908231974038,-0.010745671760507588,0.09649279362845933,0.24096847040532152
R8_IntermittentPower,-0.44385185748255795,-0.2865190564121684,-0.6344527436225357,-0.5751801347297851,-0.600603119893062,-0.5345076042066184,-0.5585651688533926,0.11758057451750203,-0.038310700381829536,0.04020895001480681,0.013892479414257168,0.3752425789174618,-0.020101042211579958,0.003580453323634109,-0.12799788206827642,-0.09507388615206545,-0.5054232146155259,-0.2888258789949033,0.6770154677769609,0.5159898575435717,0.18607784067977814,0.1963076960267323,0.08167890396853002,0.30186417431805573,0.08968668246024844,-0.07533946554820128,0.22430510884947114,-0.029832988636722013,1.0,0.2352538568291823,0.058223883689134594,-0.1136680504677167,-0.051196996897901595,-0.09129824035127433,-0.07341510815453053,-0.18645149251704604,0.5915937796603378,-0.33456685059079155,-0.13844691268748013,-0.33195176883220945,0.4323977340745911,-0.03508719613454818,0.6300501587550041,0.4965626837434079,-0.16535489387341654,0.3061327498783963,0.09360191592022955,0.2798905738297617,-0.0020389005598948056,-0.010431075515023442,0.507912303366672,0.6009006773903061,0.22903358027064796,0.2799629805165955,-0.04670898878339545,0.19496858862558425,0.7373774150776098,0.22562254477218988,0.01215907889986255,0.6802011932686161
R9_ExtremeRange_200m,-0.21060650259361605,-0.17443157963242442,-0.24208080805190502,-0.23773292114671274,-0.22300694704798651,-0.26545119334210776,-0.2430800511267395,0.003038012199069935,0.020627709820194372,-0.004768486264690119,-0.05794991586196923,0.04067640153772303,-0.04093493706952363,-0.08222033697850739,-0.0699271490614794,-0.08730639021905609,-0.21209007906307045,-0.18388220531099447,0.09349197447631705,0.07453712376978677,0.013963566811735112,-0.00520928938962021,-0.048425296426190534,0.01123552554658267,-0.022015714970140213,0.06523652288960408,0.727556450765978,0.017276687009380984,0.2352538568291823,1.0,-0.05171167893376963,-0.05929054297208329,-0.04128244447950134,-0.08446778411420798,-0.0807253612288068,-0.014967643334283472,0.1440440761111,-0.11956347091462619,0.055964056887043374,-0.14101349486062786,0.1135056429591671,0.05998942210177318,0.20015700694456992,0.09958400128183553,-0.10546887190499912,0.02704100015563981,0.08517973692996104,0.06365590933402855,0.004158826874177316,0.038803357973950375,0.120826404567606,0.21239803701178386,0.0003545215023047291,0.019020709772162806,-0.018356552081349675,0.13135409501470313,0.17154998611515235,0.004800338771783767,-0.059066604120030536,0.12359647434159404
D1_ShelterHotspots_Clusters,-0.16284187048082577,-0.2980176916038057,-0.06230772429238035,-0.18830997411292769,-0.18005321564009166,-0.20256019529714386,-0.22562721652643358,-0.021208411723840713,-0.113123898672916,-0.1305386885332224,-0.026173235447376004,-0.05541591570425223,-0.01578209138190999,-0.2625109084263778,-0.2526391693687776,-0.26587338786157444,-0.1840395208252388,-0.17090939699364593,-0.028947515201852056,-0.16173029571588254,-0.06692979220559002,-0.16868719024991757,0.5985283424777712,-0.20975499824894528,-0.23519484394504955,-0.1891117523245654,-0.16124850807265506,-0.18516353039074204,0.058223883689134594,-0.05171167893376963,1.0,0.5297888648909949,-0.11726934050737445,-0.0919994107776449,-0.05020152139157645,-0.029589097303988125,0.2727291278615017,0.35109014256410437,-0.10803386512548012,0.8099520444261855,0.30479838060089176,-0.025454552226924523,0.1729511573806993,0.4042891351801226,0.6555441512484504,0.02119396004038069,-0.09810292326170852,0.027537734433187994,-0.1377333681426732,-0.027526589755258523,-0.007837018113858656,0.10222557838726988,-0.07492885331238555,-0.04370283844220814,-0.09572736556293468,-0.11917069165633201,0.11358618960543186,-0.04004726321813201,-0.1347981910834133,0.12200387393209076
