,U1_CBD_Commuting_HelsinkiMedium,U2_SparseSuburb_HelsinkiMedium,U3_MicroMobility_HelsinkiMedium,U4_CongestionHotspot_HelsinkiMedium,U5_WorkdayShort_HelsinkiMedium,U6_OfficeWaitHeavyTail_HelsinkiMedium,U7_HighTimeVariance_HelsinkiMedium,C1_Campus_ClassChange,C2_ExamDay_LongStays,C3_Hackathon_24h,C4_Stadium_IngressEgress,C5_Library_Quiet,C6_EmergencyDrill_Evacuation,V1_TaxiLow_HelsinkiMedium,V2_TaxiHigh_HelsinkiMedium,V3_BusOnlyCarriers_HelsinkiMedium,V4_CarOwnership_0_HelsinkiMedium,V5_CarOwnership_100_HelsinkiMedium,R10_TinyRange_5m,R11_SpeedExtremeLow,R12_SpeedExtremeHigh,R1_Rural_RandomWaypoint,R2_VillagesTrails_ThreeClusters,R3_WildlifeTracking,R4_ParkRangers_HelsinkiMedium,R5_MountainRescue,R6_SparseLongRange,R7_SparseTinyBuffer,R8_IntermittentPower,R9_ExtremeRange_200m,D1_ShelterHotspots_Clusters,D2_PartitionedCity_MuleBridge,D3_Aftershock_ErraticMobility,D4_MedicalTriage_TwoClasses,D5_UAVMule_FastRoute_HelsinkiMedium,D6_ShortTtlCritical_5to10min,D7_HighLoad_TrafficStorm,D8_InfrastructureReturns_BackboneLinks,D9_Critical_1minTTL,S1_StrongCommunities_SeparateClusters,S2_WeakCommunities_HighMixing,S3_PeriodicMeetings_RegularRhythm,S4_RandomMixing_NoHotspots,S5_TwoLayer_StudentsStaff,S6_FamilyGroups_SmallPersistent,T10_HighRateLowSpeed_Congestion,T11_TTL_1min,T12_TTL_Infinite_Buffer200M,T13_Buffer_256k,T14_Buffer_200M,T15_TransmitSpeed_256k,T1_ManySmallMsgs_HighRate,T2_FewHugeMsgs_LowRate,T3_MixedBimodal_SmallAndLarge,T4_VeryShortTtl_5to10min,T5_VeryLongTtl_6to24h,T6_UniformSources_RandomFromTo,T7_TargetedToHubs_FewDestinations,T8_BurstTraffic_TimeWindows,T9_BufferStress_SmallBufferHighTraffic
U1_CBD_Commuting_HelsinkiMedium,1.0,0.6461864406779662,0.7480059820538385,0.47116008386251307,0.739406779661017,0.1906600916630737,0.32440428465414983,-0.05998896048179137,-0.2760263744355095,-0.411650629938232,-0.25267753084757494,-0.19321203241991755,0.2881046253026322,0.3188480761299072,0.43561115462394057,0.34467555849585263,0.3723283512317221,0.7036171608237778,-0.04340037333891659,0.013695228920280345,0.28374199636242803,0.015238353305664046,0.10565292871650774,-0.046872403206029915,0.19526953160042915,-0.054202244036602495,-0.09483785285170662,-0.06063192897570125,-0.04468482807081665,-0.002250389728684564,0.2378070005210593,0.10833820738887888,0.07953520269665158,-0.03238092640723311,0.47920441851103013,0.0913658229845933,0.20504265270785926,0.12029409100157899,-0.002636170825030489,0.24842024479757385,0.10101035039324142,-0.0763203602271022,-0.0034077330177223397,0.22561764451297528,0.07464435357126946,-0.11116925259701746,0.14794705044866233,-0.28792006662037367,-0.1345733057753369,-0.39205730680100814,0.08686504352722417,-0.06487552103550642,0.023854131124056377,-0.014504619294399114,-0.20311374722612963,-0.07477723584171851,0.07040505008313136,-0.08082113968447134,-0.26610022949028345,-0.0655184895294163
U2_SparseSuburb_HelsinkiMedium,0.6461864406779662,1.0,0.4299601196410768,0.1675788372154796,0.42833998005982055,0.26371327299872926,0.1287298857096655,-0.1737943839038393,-0.304445581866326,-0.4437124314355073,-0.41578558449641234,-0.17970969404781018,0.13405448421244995,0.4030769488321009,0.5216403391090819,0.42419649760988287,0.12754887758388878,0.5798672775970666,0.04057131196571313,0.11168362739214535,0.30431698816754404,0.1062826920433024,0.17866693452240898,0.034013033327832405,0.2852851207478117,-0.0737484862514627,0.046358028410902016,-0.0034077330177223397,0.026810896842489988,0.07413426734780863,0.094592137994598,0.004123820818284265,-0.08532191914184047,-0.10821209394637234,0.3845594562074965,-0.15926329594147612,-0.05150177636218102,0.005210719328529731,-0.011637729739768744,0.1242580738036507,-0.09766691422491007,-0.1950123442028652,-0.15617704717070874,0.07207676816729704,0.10431028938032215,-0.12724346494476435,0.10358222436888093,-0.2615835868190403,-0.1861393789869089,-0.4434579726934655,0.07696332872101208,-0.05085880786827114,0.0314411593521929,0.01246888325307994,-0.2999448024089569,-0.09085144818946539,0.07619176652832023,-0.07696332872101208,-0.30948544500842196,-0.08982269859920959
U3_MicroMobility_HelsinkiMedium,0.7480059820538385,0.4299601196410768,1.0,0.551903744672197,0.845962113659023,0.33185060993445564,0.5054714778324481,-0.21796631943544775,-0.2234958484830727,-0.39002163686467317,-0.3305419059123865,-0.2002203890035352,0.15765064522250707,0.3616054809749139,0.2517864622151072,0.17691818534089446,0.4444941635489223,0.6948936041008474,-0.25037193152850545,-0.18813258131802954,0.10158902203776031,-0.17925961610207325,-0.05309818898581523,-0.24201334110767708,0.005015154252497028,-0.005658122746406903,-0.16742899581413154,-0.04732248115176683,-0.07728224941168577,-0.1609993108750328,0.08007884612249679,-0.040055406862869646,0.06866903514957469,-0.04465895940643938,0.3306143995684579,0.13348025933569013,0.3230273713403214,-0.029633968205810185,-0.04963716772984238,0.0901806087471311,0.047193887452984855,-0.010287495902558006,-0.05529529047624928,0.05246622910304583,-0.1067398272267532,-0.08217137352168208,0.22928256492826157,-0.5207498155886828,-0.062239350210475934,-0.3724639836637843,-0.02854780112959847,-0.1274363554929373,-0.19983460790718927,-0.16813907366270553,-0.02713327044299674,-0.048994199235932505,-0.15045462757491085,-0.28560660499476664,-0.22271501397214497,-0.056195446367723105
U4_CongestionHotspot_HelsinkiMedium,0.47116008386251307,0.1675788372154796,0.551903744672197,1.0,0.5326968230477226,0.6657152991779693,0.7776537698412699,-0.5066196223851683,-0.5729374714225484,-0.11523739417331738,-0.0555246254965048,-0.5816601285493217,-0.12692327841544385,-0.060609639594123826,0.023923169913871098,0.5116681068893328,0.7606646825396826,0.3757975089225219,-0.4922528929998946,-0.45787536197084655,-0.18490750365064446,-0.44633066871482296,-0.3037990714473143,-0.5166250232070555,-0.2849615118695155,-0.339093295803315,-0.563188619339684,-0.47968200478778,-0.48377073728534253,-0.4842998820901894,-0.20411649588897435,-0.3236973206950443,-0.2903490353889932,0.2538985607917922,-0.01109573296273378,-0.24083512875760316,-0.08280110551959138,-0.12414084025867475,-0.3442242705837699,-0.1963357702215927,-0.3415305088240311,-0.37577976548356773,-0.4410714195648567,0.12256616006811707,-0.3696801338604717,-0.4601843006220513,-0.14424452851553915,-0.018719730881678758,-0.04714083079542965,0.03566267374746936,-0.4066938885358087,-0.44517619938922065,-0.43696663974049277,-0.3140574799696525,-0.45223128971234616,-0.4320922136990606,-0.418495130530855,-0.1732345360251095,-0.004759253613986126,-0.45094854601723244
U5_WorkdayShort_HelsinkiMedium,0.739406779661017,0.42833998005982055,0.845962113659023,0.5326968230477226,1.0,0.35804770477458425,0.46326597691653165,-0.18755390967351065,-0.2161017108031091,-0.42997165936524645,-0.3898307928081418,-0.17006516663916205,0.1776463021002394,0.2843849648563379,0.34418103478995626,0.2445427919634658,0.45015057088816884,0.6651088890039855,-0.1847248483003072,-0.11978503041540978,0.1521906425084675,-0.11824190603002609,0.008982896511146346,-0.18703953487838273,0.07490582954050048,-0.06963348789043951,-0.1424175214010374,-0.1578487652548744,-0.1255675816148272,-0.1275006523423283,0.12221214719612981,0.006553358664715306,0.0949664465504886,-0.017876307112833997,0.3846880499062784,0.06384677144525062,0.1898685962515862,0.01569609319207422,-0.006236794390925791,0.13576641097095563,-0.06577567692698025,-0.09676675833343625,-0.16723610526595858,0.0959951961407444,-0.04644892751137238,-0.17289422801236548,0.12145674849957545,-0.43728734819895015,-0.1795811003490282,-0.33493131921260877,0.00443648260797814,-0.23449060972893154,-0.11579862575316856,-0.1283786041056904,-0.1749517271928771,-0.01935335166668725,-0.08802238681626194,-0.2332046727411118,-0.20439398454513047,-0.15257642360481344
U6_OfficeWaitHeavyTail_HelsinkiMedium,0.1906600916630737,0.26371327299872926,0.33185060993445564,0.6657152991779693,0.35804770477458425,1.0,0.7204622356698079,-0.47981810040888506,-0.4913753408844102,-0.22157757905013997,-0.16777132633928316,-0.4510534130031337,-0.1350226140071239,0.0030177239019426737,-0.00892475792276663,0.46368901044585936,0.45479682956428735,0.2879723935251058,-0.4836705139007268,-0.4320481731100479,-0.19229964013443207,-0.43885410361230154,-0.3067150050988932,-0.478148721229087,-0.26575232404554733,-0.41715217427492657,-0.3824804528483512,-0.43923934496148576,-0.41585424199911625,-0.4605560329496765,-0.2363569835295801,-0.34323477673015196,-0.3196861129313313,0.1915361510473032,-0.028443652948097965,-0.32418059533848,-0.21502887973629817,-0.1482498421814384,-0.3799121771871234,-0.22141707695315607,-0.41458389861369876,-0.46594941183825495,-0.49792444382054113,0.094576751224714,-0.3617500455641817,-0.4159964502273741,-0.2437935671420496,-0.03258867490043629,-0.15505964304662886,0.08436210578514503,-0.2477743944169527,-0.5227083039513895,-0.4432201722363888,-0.27272460910317503,-0.4552910678441595,-0.3428005938823816,-0.42973672501494287,-0.17932984804523164,0.02737956897093186,-0.4492556200402742
U7_HighTimeVariance_HelsinkiMedium,0.32440428465414983,0.1287298857096655,0.5054714778324481,0.7776537698412699,0.46326597691653165,0.7204622356698079,1.0,-0.5141878101863394,-0.4681373115317564,-0.11130307785242219,-0.0861107620557223,-0.4400452246087657,-0.16027350821636896,0.015457061526120468,-0.051502159358816336,0.39553854771688096,0.6922123015873016,0.3257616183034961,-0.510596127840021,-0.4505637229086983,-0.21081892629194182,-0.45992775188302853,-0.31961562854166375,-0.49097014930478083,-0.296121382017005,-0.37796042976526106,-0.3697508701165332,-0.41528827129307067,-0.4115546627548778,-0.47570549933292744,-0.23817311479374306,-0.35507532912415707,-0.2927862484097093,0.1674677085552461,-0.043549148449111195,-0.27893261650248097,-0.16374223268126786,-0.16125872827847887,-0.35512759199223665,-0.22796888441029176,-0.41118349146870675,-0.42555022085398053,-0.4932790879559856,0.09319132945001261,-0.3684046050625403,-0.419521325486946,-0.19016675280061074,0.048290560003245886,-0.10704496135724093,0.221590848267194,-0.2401937569100463,-0.5256042290728516,-0.4835302358731212,-0.35682869465939704,-0.39412300032369413,-0.30202200301452814,-0.45595124642817597,-0.19914595866640686,0.18002670003838184,-0.4560795207976874
C1_Campus_ClassChange,-0.05998896048179137,-0.1737943839038393,-0.21796631943544775,-0.5066196223851683,-0.18755390967351065,-0.47981810040888506,-0.5141878101863394,1.0,0.7298480727127977,0.287240256654103,0.39928758711766654,0.630332382405626,0.45251600515823,-0.04796656272805679,0.029655675711537186,-0.32932613447068443,-0.4649304522939721,-0.05471491413140031,0.5704902806342467,0.47946659589995355,0.45319445365886024,0.4850394745571552,0.25062245158447055,0.553904332249718,0.3260797452398328,0.3259470576527566,0.3506269488489352,0.4883566642340609,0.45251600515823,0.5934452331984343,0.4275557011631886,0.568337041432012,0.4650036489086446,0.044702231926357604,0.2217873017979168,0.47668015657135276,0.27127977177735024,0.3691057164030304,0.4585019571419094,0.3965495015725855,0.7156505008956412,0.5105154912757911,0.6417435148941817,0.2657068931201486,0.31369038096450574,0.5241823127446428,0.26318582896570025,0.24319587543497526,0.26968752073243546,0.12235279671006583,0.6002123001393219,0.5834936641677171,0.6507662708153652,0.47597046064319964,0.41166323890400053,0.5198036223711272,0.6404166390234194,0.39454654017116697,0.06439275406254001,0.5436873880448484
C2_ExamDay_LongStays,-0.2760263744355095,-0.304445581866326,-0.2234958484830727,-0.5729374714225484,-0.2161017108031091,-0.4913753408844102,-0.4681373115317564,0.7298480727127977,1.0,0.5402164790363958,0.16560949898041635,0.8496649638426326,0.15013102472849646,-0.09772440788164267,-0.13023286671531878,-0.44393714319817396,-0.6379725767648146,-0.29106276882825993,0.5895972931732236,0.5042791746832084,0.25588801167650765,0.5134346181914682,0.2780662367540256,0.5934452331984343,0.2213892390366881,0.47070921515292247,0.468718901346779,0.48344722351224045,0.44362623170987886,0.49127579114973796,0.15773579408751487,0.32569703697618607,0.6201154382007563,0.0986599920489214,-0.055264380017249384,0.45624626816161346,0.21913355005639223,0.13002812636825253,0.6063159291448285,0.16776333097639076,0.44403901015060043,0.7183042526371658,0.5192728720228222,-0.024480859815564256,0.3190999732335046,0.47031115239169374,0.3276719962847476,0.1352838594524923,0.3443906322563524,0.3049630330015911,0.4846414117959265,0.4983082332647781,0.48955085251774694,0.3824961900659115,0.620513500961985,0.7240098188814437,0.5073309891859616,0.27910833941484775,0.2796916667283211,0.46434021097326345
C3_Hackathon_24h,-0.411650629938232,-0.4437124314355073,-0.39002163686467317,-0.11523739417331738,-0.42997165936524645,-0.22157757905013997,-0.11130307785242219,0.287240256654103,0.5402164790363958,1.0,0.5846213793999221,0.4173385630271451,-0.1547737793800488,-0.2680734022338567,-0.24916910746320273,-0.1610651080569936,-0.16536819890730456,-0.44840594760737346,0.34736641641076627,0.21858090828568627,-0.012077743881251133,0.2871089768293068,0.11885797260507863,0.2792321873415343,-0.0379398693661041,0.2591463741477145,0.08191861067283376,0.197576136318293,0.1882490242841306,0.17250168978221728,-0.053456715850389566,0.10580382954027044,0.34408442079086105,0.30563403165976283,-0.26282220924200833,0.19691973719431194,0.05028017289694765,0.12655991701331548,0.3616759173135529,-0.05384834014233381,0.24011079955226436,0.5263008176079977,0.31927253390437776,-0.021661171091374314,0.0691216875281594,0.24943166711279513,0.13469310024090936,0.5139628523184829,0.35721240327048187,0.6398233536822964,0.056450324662369426,0.3822868498065576,0.17683392400049214,0.26264003910583955,0.33922706727340135,0.3128398224893636,0.26124685134445386,0.2724056364521315,0.685673464086245,0.2604591723956766
C4_Stadium_IngressEgress,-0.25267753084757494,-0.41578558449641234,-0.3305419059123865,-0.0555246254965048,-0.3898307928081418,-0.16777132633928316,-0.0861107620557223,0.39928758711766654,0.16560949898041635,0.5846213793999221,1.0,0.10600845852293793,0.3027868720441752,-0.26236272985522163,-0.2258669385618758,-0.1729501543370056,0.005901474481342796,-0.2559775192469954,0.08710416375228398,-0.017263296960701346,0.10692741729651138,0.06137331809222722,-0.06651085891519776,-0.012799782917630276,-0.12937626733666294,0.19842945517946833,-0.11677340415622699,0.019888893456625506,0.12372713067489058,0.2225849429419706,0.11729147543730165,0.17982082071773292,0.1405350524443406,0.18788764419713003,-0.08474112690595224,0.34415006070325915,0.31933817381677587,0.21206455408780917,0.06084819879304239,-0.005809093663839648,0.37237522303444387,0.19002754639251102,0.2787727079547476,0.1730924489938002,-0.13896135292488326,0.20722520344081427,-0.0708254654775542,0.4657747759449279,0.07765201636695701,0.4162878295882582,0.014375140815184772,0.2791665474291362,0.1337085015549378,0.27855171308727644,0.2506788254483591,0.007548589925781958,0.23794468244312694,0.24660915087967666,0.503182231458631,0.23965132016547763
C5_Library_Quiet,-0.19321203241991755,-0.17970969404781018,-0.2002203890035352,-0.5816601285493217,-0.17006516663916205,-0.4510534130031337,-0.4400452246087657,0.630332382405626,0.8496649638426326,0.4173385630271451,0.10600845852293793,1.0,0.09984409731170446,0.11377960591786639,0.05460094208186824,-0.3050385782111362,-0.6078280999296418,-0.19757806242748902,0.5951701718304253,0.6688117826577323,0.3493000729781729,0.5925164200889007,0.4805960936543479,0.6682810323094275,0.4335566907715783,0.35646520268028925,0.658727526039939,0.5543023950109467,0.6650744688038785,0.5554965832946328,0.30590584574814156,0.3111834967422868,0.6949512373117495,0.14080218426143473,0.1334173688051483,0.3238240562595369,0.266503018642606,0.10377181267238013,0.4736283420685995,0.15232620181851605,0.4975121077423207,0.69176673522192,0.5369203211039607,0.12864061567040402,0.49075557181807744,0.5028196112253699,0.33775625290254097,0.28559925884415044,0.27101439660319776,0.2784445083927571,0.5994161746168646,0.4963179194586346,0.6777018509918397,0.5446320386093818,0.5391760100842566,0.8359981423737809,0.6847342931068798,0.45730776885822333,0.37303162215842495,0.536522258342732
C6_EmergencyDrill_Evacuation,0.2881046253026322,0.13405448421244995,0.15765064522250707,-0.12692327841544385,0.1776463021002394,-0.1350226140071239,-0.16027350821636896,0.45251600515823,0.15013102472849646,-0.1547737793800488,0.3027868720441752,0.09984409731170446,1.0,0.24645901761659939,0.35698411138490477,-0.0022973953303685878,-0.13795450827267292,0.2886099910899345,0.0685308654637812,-0.03854446547382079,0.5365044617672784,0.04544399113522761,0.11049715235057635,-0.01970345309074832,0.14429296455345994,0.16180714507856955,-0.132218794645998,-0.06455036988989266,0.10335677325195701,0.2647692972564867,0.3054998880809069,0.2169702293021168,0.14177198402333052,-0.016475606512071875,0.35698411138490477,0.4563638175463222,0.4282349821575098,0.23781625923810612,0.06720403360581835,0.24243405067962273,0.3368162671438695,0.07688990616894716,0.15994958047742155,0.263973198141709,0.06999252456355912,0.11934852562375835,0.17719839463093862,-0.1515575303598527,-0.06733671679161464,-0.21660452584994105,0.3549938635979605,0.19378379285547423,0.1489368760563299,0.19107765162008455,0.15384615393079246,0.015324907959470916,0.26490198044228297,0.06640793449104064,-0.1942220581787805,0.15623445127512559
V1_TaxiLow_HelsinkiMedium,0.3188480761299072,0.4030769488321009,0.3616054809749139,-0.060609639594123826,0.2843849648563379,0.0030177239019426737,0.015457061526120468,-0.04796656272805679,-0.09772440788164267,-0.2680734022338567,-0.26236272985522163,0.11377960591786639,0.24645901761659939,1.0,0.8147681284415843,0.3074016917931463,0.027001754782144054,0.34622774688318525,0.1924633450540702,0.24912094473562,0.516221057520069,0.26968752073243546,0.2256855506371344,0.19272872022822266,0.5963643601141113,0.15889338552378424,0.31984342864725007,0.4271876865919193,0.43951305295019405,0.24023087640151264,0.1364932488360804,0.027377814532128262,0.0685331387248723,-0.058224492978970914,0.5828302262323359,0.07291182909838785,0.24553837988456179,0.032127700426858946,0.08074039673588536,0.12870871361971625,0.2345253101572348,0.0823326477808001,0.14655343992569494,0.13421349432760565,0.13451412971327598,0.3446560074305049,0.38287003250845886,-0.1316080243581985,0.1563723213693359,-0.17696520382528833,0.4769455317455052,0.2816294035692961,0.21674517348902012,0.2172095234130944,0.1421747495521794,0.20812048032906522,0.26782989451336825,0.11178929211172295,-0.032885596111450095,0.3812777814635441
V2_TaxiHigh_HelsinkiMedium,0.43561115462394057,0.5216403391090819,0.2517864622151072,0.023923169913871098,0.34418103478995626,-0.00892475792276663,-0.051502159358816336,0.029655675711537186,-0.13023286671531878,-0.24916910746320273,-0.2258669385618758,0.05460094208186824,0.35698411138490477,0.8147681284415843,1.0,0.4006133941946556,-0.014559140939540857,0.4348260449713987,0.30564585683009354,0.3581901413122802,0.6218403768327473,0.3827373449213826,0.3192319145083582,0.27273933523518873,0.7139255622636502,0.1642008890068334,0.2395674384661315,0.23439262257015855,0.31558695741646386,0.34585019571419096,0.25392098345581127,0.12554212302322912,0.18848271744178333,0.02317164151248786,0.7193657533337756,0.10303191136469184,0.21555098520533403,0.1372848964852022,0.24248656538180854,0.25299739453183584,0.18357327671996285,0.07277914151131162,0.09308034233397465,0.24540569229748557,0.23412979222776675,0.16486432694221456,0.35460757646122204,-0.015031539939165811,0.07835202016851324,-0.2193685872344635,0.38101240628939165,0.2158163603794865,0.3779605917866384,0.2915163171585229,-0.06614476215750016,0.1787965235852186,0.403834671266503,0.21740861142440124,-0.07043162600316558,0.24620181781994294
V3_BusOnlyCarriers_HelsinkiMedium,0.34467555849585263,0.42419649760988287,0.17691818534089446,0.5116681068893328,0.2445427919634658,0.46368901044585936,0.39553854771688096,-0.32932613447068443,-0.44393714319817396,-0.1610651080569936,-0.1729501543370056,-0.3050385782111362,-0.0022973953303685878,0.3074016917931463,0.4006133941946556,1.0,0.42511033710177853,0.34288360656260225,-0.06741437913123238,-0.011749925866105742,0.21471512574319487,-0.0033477442411809655,0.09307906254116578,-0.07896737886550395,0.15773783159917373,-0.18977114904419945,-0.1012856738067104,-0.11992801428701225,-0.0805401162960645,-0.06688924277967459,-0.0074411031765027336,-0.11292200434517306,-0.21839108020409947,0.45898551665908943,0.2454356023093261,-0.2748432379965628,-0.18215667194661136,0.08485468534608381,-0.1375200820641985,0.001044365358105647,-0.19397223985666184,-0.2881029308733972,-0.2753683743481206,0.3887978262846051,0.00822437719508197,-0.2513433862643513,0.0033477442411809655,0.20412404621900437,0.12439167327525352,0.04429290471567324,0.0016410510986181203,-0.13148101402128382,-0.09406504897279067,0.0917711242449828,-0.39733129199741934,-0.2047375350635967,-0.011224789514547943,0.24989926129756737,-0.005910050335962265,-0.21432127347952654
V4_CarOwnership_0_HelsinkiMedium,0.3723283512317221,0.12754887758388878,0.4444941635489223,0.7606646825396826,0.45015057088816884,0.45479682956428735,0.6922123015873016,-0.4649304522939721,-0.6379725767648146,-0.16536819890730456,0.005901474481342796,-0.6078280999296418,-0.13795450827267292,0.027001754782144054,-0.014559140939540857,0.42511033710177853,1.0,0.32855865566729253,-0.4946901060206107,-0.42439575152837816,-0.17272143854706398,-0.44415000443312963,-0.2986969562555886,-0.4722420913561204,-0.26392451526965033,-0.4395321271307202,-0.3955340183883192,-0.35602551257881626,-0.41860951905891963,-0.38296313017620465,-0.2076879765231823,-0.33033007044428764,-0.427089513288117,0.05070356162775355,-0.008915068681040436,-0.3606433898812257,-0.1759282977848483,-0.13676857535819575,-0.437736285957561,-0.20284096709104293,-0.26764447198548014,-0.4622366905342333,-0.3408891369764742,0.11987239830837824,-0.33945010134949727,-0.4037435780370471,-0.12359235502420807,0.04359476310411291,-0.10345327901092247,-0.03363205887216862,-0.3483290504081339,-0.36680055961777164,-0.4499223510611414,-0.3417255060894279,-0.5049520555815206,-0.5176512181631465,-0.42888535446127624,-0.18003307760921225,-0.056286106074742576,-0.3989974263651263
V5_CarOwnership_100_HelsinkiMedium,0.7036171608237778,0.5798672775970666,0.6948936041008474,0.3757975089225219,0.6651088890039855,0.2879723935251058,0.3257616183034961,-0.05471491413140031,-0.29106276882825993,-0.44840594760737346,-0.2559775192469954,-0.19757806242748902,0.2886099910899345,0.34622774688318525,0.4348260449713987,0.34288360656260225,0.32855865566729253,1.0,-0.054843503823836036,-0.006365189775568309,0.2877194368249311,0.002121729925189436,0.09727438598181638,-0.06680234522035831,0.18330460656712372,-0.11515206957619031,-0.050085685203714266,-0.06320183383215805,-0.0320820640574465,0.02642518179554116,0.2226474197710651,0.0993202488483416,0.019738517788883542,-0.07194830408577052,0.46864513408199393,0.024882105486312478,0.134826292518856,0.11050856139965141,-0.044299149044106714,0.23006367266221903,0.08094721138828788,-0.14061282867846356,-0.01999569717375499,0.2221386936827122,0.05539813043262826,-0.08184733923533795,0.09933553740659633,-0.2928728873293158,-0.19513485827121027,-0.3954801782203207,0.1118087375728615,-0.07181734322535152,0.005850831005825415,-0.017175987712783416,-0.2430988135497351,-0.10563643233594677,0.05612940074819327,-0.08197592892777367,-0.2783055782071583,-0.04892837797179276
R10_TinyRange_5m,-0.04340037333891659,0.04057131196571313,-0.25037193152850545,-0.4922528929998946,-0.1847248483003072,-0.4836705139007268,-0.510596127840021,0.5704902806342467,0.5895972931732236,0.34736641641076627,0.08710416375228398,0.5951701718304253,0.0685308654637812,0.1924633450540702,0.30564585683009354,-0.06741437913123238,-0.4946901060206107,-0.054843503823836036,1.0,0.886419425462748,0.39454654017116697,0.9770450474358123,0.5021025214554896,0.9262257015856167,0.6033968022291515,0.6462548928547734,0.6903071717640815,0.7715119750547337,0.644375891819658,0.6360379486499038,0.3231901527539671,0.5895795866834465,0.6169309361109269,0.03892573205922182,0.31758773966695414,0.44045644529954225,0.1691103297286539,0.38071654859014986,0.7651429708750747,0.5077759962741958,0.5777880979234392,0.6658926557420554,0.7394015789822862,0.1655277648775957,0.4879848050461512,0.6291381941219399,0.1902076560737743,0.2907191720112025,0.32807005904597625,0.1402068528823501,0.5009619850063026,0.7416572679625821,0.676109599946925,0.6273410139797351,0.4765474689842765,0.552710143966032,0.7697870364227426,0.5443508259802295,0.18923986744373378,0.6645657798712931
R11_SpeedExtremeLow,0.013695228920280345,0.11168362739214535,-0.18813258131802954,-0.45787536197084655,-0.11978503041540978,-0.4320481731100479,-0.4505637229086983,0.47946659589995355,0.5042791746832084,0.21858090828568627,-0.017263296960701346,0.6688117826577323,-0.03854446547382079,0.24912094473562,0.3581901413122802,-0.011749925866105742,-0.42439575152837816,-0.006365189775568309,0.886419425462748,1.0,0.3917601008425662,0.9347177071584953,0.548018085104553,0.9684203542758575,0.7408611424401247,0.5164864326942215,0.8322828899356465,0.7728388509254959,0.6548578634975646,0.6608505274331586,0.31764861921011467,0.4258404645900914,0.6511643335765939,0.03813802753188512,0.3954753532807006,0.2765872752603994,0.17574470908246534,0.22265090131550092,0.6515623963378226,0.3949662062743419,0.4955217939361773,0.5951701718304253,0.6499701452929079,0.18052146221720958,0.5775729306717661,0.4399256949512373,0.27101439660319776,0.36502355284585625,0.30511510648178863,0.05920720098308979,0.4647382737344921,0.5658462150865786,0.7715119750547337,0.6177572755638052,0.33669475220593115,0.6336495720825317,0.7703177867710476,0.5650500895641213,0.20578112536805598,0.522590061699728
R12_SpeedExtremeHigh,0.28374199636242803,0.30431698816754404,0.10158902203776031,-0.18490750365064446,0.1521906425084675,-0.19229964013443207,-0.21081892629194182,0.45319445365886024,0.25588801167650765,-0.012077743881251133,0.10692741729651138,0.3493000729781729,0.5365044617672784,0.516221057520069,0.6218403768327473,0.21471512574319487,-0.17272143854706398,0.2877194368249311,0.39454654017116697,0.3917601008425662,1.0,0.4156438665162874,0.3192319145083582,0.3362966894447024,0.3905659125588801,0.2322696211769389,0.2872022822264977,0.30020566575996815,0.5576010883088877,0.6794267896238307,0.5104148217712683,0.3187041494089437,0.40356929609235054,0.27917561289691467,0.3913620380813375,0.34266569362436144,0.42997412592052014,0.11023693514020802,0.31201486100975256,0.10601481434489185,0.5101174285145624,0.36097658064088106,0.32939693491673855,0.4902142904531281,0.2225189600406473,0.3547402640482983,0.6409473893717242,0.20971952011194223,0.25349963510913553,0.00511991316705211,0.7122006236316593,0.5125058050819346,0.5545677701850992,0.5459448794882763,0.19564784714389968,0.45054070191733564,0.6826112917136602,0.4558482054003848,0.11244116993795213,0.43130100179128245
R1_Rural_RandomWaypoint,0.015238353305664046,0.1062826920433024,-0.17925961610207325,-0.44633066871482296,-0.11824190603002609,-0.43885410361230154,-0.45992775188302853,0.4850394745571552,0.5134346181914682,0.2871089768293068,0.06137331809222722,0.5925164200889007,0.04544399113522761,0.26968752073243546,0.3827373449213826,-0.0033477442411809655,-0.44415000443312963,0.002121729925189436,0.9770450474358123,0.9347177071584953,0.4156438665162874,1.0,0.5275671875022403,0.9299409540237511,0.6653619053937504,0.6503682080541365,0.7597027798049493,0.7849134213494328,0.6847115803017287,0.6739865985537054,0.3400786359352318,0.5428723753852613,0.6627081536522258,0.06544511781289064,0.39401578982286206,0.4196244941285743,0.22828899356465202,0.3338773960171112,0.7655410336363033,0.489831982894102,0.560273336429377,0.6547468984276521,0.720161878856233,0.20374178995554965,0.49682487046134444,0.5941086711338154,0.21528561003118157,0.2955765255286622,0.3138724872288197,0.11237553002555402,0.4695150268692364,0.6994626152723413,0.6972069262920454,0.6551732406122984,0.4397930073641611,0.5716844689179327,0.7910170503549393,0.5807072248391163,0.2308555719041317,0.6548795860147283
R2_VillagesTrails_ThreeClusters,0.10565292871650774,0.17866693452240898,-0.05309818898581523,-0.3037990714473143,0.008982896511146346,-0.3067150050988932,-0.31961562854166375,0.25062245158447055,0.2780662367540256,0.11885797260507863,-0.06651085891519776,0.4805960936543479,0.11049715235057635,0.2256855506371344,0.3192319145083582,0.09307906254116578,-0.2986969562555886,0.09727438598181638,0.5021025214554896,0.548018085104553,0.3192319145083582,0.5275671875022403,1.0,0.495901281537369,0.5663579223092076,0.18214492993543646,0.4144935149526792,0.335724573865062,0.516203114712394,0.5085676439233175,0.5317501967987405,0.5955129887168722,0.4486663051397694,0.14719024265801461,0.4712282631397402,0.11155634788874431,0.12290329752615652,0.5793754919968512,0.2991768407306064,0.5847546575701915,0.38507061066031967,0.4524926021105247,0.4090839226836804,0.24890721501137333,0.8647336657045395,0.3204193859820409,0.13675713138578768,0.20201286392790685,0.03938447054380861,-0.03152575550151179,0.2944269548358757,0.4677977899935458,0.5320531908472637,0.48314952379362486,0.19124887790033696,0.44919407023918395,0.6356270916073634,0.4290070551865785,0.1266251877286395,0.38625808213400237
R3_WildlifeTracking,-0.046872403206029915,0.034013033327832405,-0.24201334110767708,-0.5166250232070555,-0.18703953487838273,-0.478148721229087,-0.49097014930478083,0.553904332249718,0.5934452331984343,0.2792321873415343,-0.012799782917630276,0.6682810323094275,-0.01970345309074832,0.19272872022822266,0.27273933523518873,-0.07896737886550395,-0.4722420913561204,-0.06680234522035831,0.9262257015856167,0.9684203542758575,0.3362966894447024,0.9299409540237511,0.495901281537369,1.0,0.6877861076096331,0.564253964041664,0.804153121475486,0.8127778146354409,0.6134607095291237,0.6085716181251244,0.26434434416924807,0.4642353755724978,0.5971604856365686,0.0008533465712814226,0.3201088038214025,0.3378889404896172,0.13089630465069993,0.2655318156429307,0.6916340476348437,0.42504881694096963,0.50985205334041,0.6167982485238506,0.6869899820871758,0.12731373979964175,0.5542193250226736,0.4837125986863929,0.26769720692629206,0.33929270718579946,0.3685397731042261,0.09215843700693799,0.5152922444105354,0.6100311815829629,0.737543952763219,0.5698385834841562,0.4196244941285743,0.6240960658130432,0.7237444437072912,0.5136999933656207,0.16035830598856804,0.5351953824719697
R4_ParkRangers_HelsinkiMedium,0.19526953160042915,0.2852851207478117,0.005015154252497028,-0.2849615118695155,0.07490582954050048,-0.26575232404554733,-0.296121382017005,0.3260797452398328,0.2213892390366881,-0.0379398693661041,-0.12937626733666294,0.4335566907715783,0.14429296455345994,0.5963643601141113,0.7139255622636502,0.15773783159917373,-0.26392451526965033,0.18330460656712372,0.6033968022291515,0.7408611424401247,0.3905659125588801,0.6653619053937504,0.5663579223092076,0.6877861076096331,1.0,0.36190539375041464,0.5949047966562728,0.5884031048895376,0.540484957341167,0.5485968287666689,0.25603204385346934,0.29271171826277853,0.41179592649107677,-0.01949568705158327,0.7157831884827175,0.15902607311086048,0.14363431301001792,0.2954824850347048,0.46646321236648314,0.4407498286485516,0.3844622835533736,0.34585019571419096,0.39109666290718503,0.1340808067405294,0.5684689827068656,0.28826378292310756,0.24487494194918066,0.24831578860202735,0.21342798381211436,-0.06603375187249261,0.40595767265972266,0.41803224308365955,0.6508989584024415,0.5041965395394313,0.17932727393352352,0.5077290519471903,0.645989517680621,0.43382206594573075,0.08054017251247358,0.3814104690506203
R5_MountainRescue,-0.054202244036602495,-0.0737484862514627,-0.005658122746406903,-0.339093295803315,-0.06963348789043951,-0.41715217427492657,-0.37796042976526106,0.3259470576527566,0.47070921515292247,0.2591463741477145,0.19842945517946833,0.35646520268028925,0.16180714507856955,0.15889338552378424,0.1642008890068334,-0.18977114904419945,-0.4395321271307202,-0.11515206957619031,0.6462548928547734,0.5164864326942215,0.2322696211769389,0.6503682080541365,0.18214492993543646,0.564253964041664,0.36190539375041464,1.0,0.385258409075831,0.6401512638492669,0.47905264231748695,0.44921382604657334,0.14533331425127363,0.41079915925677757,0.5273668148344722,0.12688607094515308,0.17534664632123664,0.8085318118490016,0.6087043057122006,0.2007486496897983,0.8022954952564187,0.2977254867072165,0.4652690240827971,0.6688117826577323,0.5186094340874411,0.0076295362568831685,0.1219797086021811,0.48915278975651827,0.37212233795528427,0.019232494332644467,0.4874278511245273,0.1353494993648904,0.28269090426590593,0.622238439593976,0.39560804086777684,0.4250322345420932,0.8195448815763285,0.522059311351423,0.5113116167982485,0.2943674119286141,0.19816689552987593,0.5281629403569296
R6_SparseLongRange,-0.09483785285170662,0.046358028410902016,-0.16742899581413154,-0.563188619339684,-0.1424175214010374,-0.3824804528483512,-0.3697508701165332,0.3506269488489352,0.468718901346779,0.08191861067283376,-0.11677340415622699,0.658727526039939,-0.132218794645998,0.31984342864725007,0.2395674384661315,-0.1012856738067104,-0.3955340183883192,-0.050085685203714266,0.6903071717640815,0.8322828899356465,0.2872022822264977,0.7597027798049493,0.4144935149526792,0.804153121475486,0.5949047966562728,0.385258409075831,1.0,0.7526703376899091,0.6596344581862309,0.6799575399721356,0.20866512618101613,0.2851910655961216,0.49618523187155844,-0.053760833990729624,0.2724739600610363,0.13965368539773104,0.06641013733165263,0.0870152707659691,0.5588137729715386,0.24890721501137333,0.3560671399190606,0.427585749353148,0.5163537451071453,0.07516751807868374,0.44035400482399073,0.4730975917202946,0.24593644264579048,0.24752810965325012,0.15199363099582033,0.12287791600925066,0.5109135540370199,0.432229814900816,0.6214423140715186,0.49855132376018496,0.33019306043919594,0.6390897631526571,0.6015391760100842,0.43183175213958735,0.2686641614454396,0.5044118622702846
R7_SparseTinyBuffer,-0.06063192897570125,-0.0034077330177223397,-0.04732248115176683,-0.47968200478778,-0.1578487652548744,-0.43923934496148576,-0.41528827129307067,0.4883566642340609,0.48344722351224045,0.197576136318293,0.019888893456625506,0.5543023950109467,-0.06455036988989266,0.4271876865919193,0.23439262257015855,-0.11992801428701225,-0.35602551257881626,-0.06320183383215805,0.7715119750547337,0.7728388509254959,0.30020566575996815,0.7849134213494328,0.335724573865062,0.8127778146354409,0.5884031048895376,0.6401512638492669,0.7526703376899091,1.0,0.7408365678935572,0.5536389570755655,0.22594943318684169,0.45539531015730456,0.44483513567305777,-0.02277778924881951,0.28786572016187884,0.4076826112917137,0.29503084986399525,0.24600450696459347,0.6080408677768194,0.37794578181822364,0.6548795860147283,0.6146752471306309,0.7368805148278379,0.08830358919923041,0.3477312298767423,0.7457705831619452,0.38353347044383995,0.19751049640589488,0.5087905526438001,0.11749544319260613,0.5833609765806409,0.7440456445299543,0.6512970211636702,0.5182439369436024,0.6312611955151596,0.6199827506136801,0.6329861341471505,0.4253300603728521,0.17584932531452058,0.7700524115968951
R8_IntermittentPower,-0.04468482807081665,0.026810896842489988,-0.07728224941168577,-0.48377073728534253,-0.1255675816148272,-0.41585424199911625,-0.4115546627548778,0.45251600515823,0.44362623170987886,0.1882490242841306,0.12372713067489058,0.6650744688038785,0.10335677325195701,0.43951305295019405,0.31558695741646386,-0.0805401162960645,-0.41860951905891963,-0.0320820640574465,0.644375891819658,0.6548578634975646,0.5576010883088877,0.6847115803017287,0.516203114712394,0.6134607095291237,0.540484957341167,0.47905264231748695,0.6596344581862309,0.7408365678935572,1.0,0.732344844002595,0.4351938591383595,0.4350619222400305,0.5769728334351453,0.17742455937103696,0.31996550254774125,0.38657246181747634,0.41191495030456676,0.21987284106535582,0.4803794741754498,0.2558916143091855,0.6934686705642835,0.6539290811969906,0.654592497125972,0.2938269149458731,0.42213210620378394,0.7700268687687399,0.4018310281840491,0.3107946757271124,0.3442465255484614,0.2152917711478202,0.6698510634925448,0.7757322457579802,0.7401731519645758,0.7084510800190905,0.5845357750255336,0.7235877537400403,0.8371645607816601,0.6203602351905305,0.36737440338852123,0.8265499059179574
R9_ExtremeRange_200m,-0.002250389728684564,0.07413426734780863,-0.1609993108750328,-0.4842998820901894,-0.1275006523423283,-0.4605560329496765,-0.47570549933292744,0.5934452331984343,0.49127579114973796,0.17250168978221728,0.2225849429419706,0.5554965832946328,0.2647692972564867,0.24023087640151264,0.34585019571419096,-0.06688924277967459,-0.38296313017620465,0.02642518179554116,0.6360379486499038,0.6608505274331586,0.6794267896238307,0.6739865985537054,0.5085676439233175,0.6085716181251244,0.5485968287666689,0.44921382604657334,0.6799575399721356,0.5536389570755655,0.732344844002595,1.0,0.47676979668359265,0.451305130636842,0.5809726000132688,0.2071006486456068,0.34810588469448683,0.3776952166124859,0.34943276056524913,0.2372963828242539,0.636701386585285,0.2851910655961216,0.61295030849864,0.5771246599880581,0.5767265972268294,0.32488555695614674,0.43560411892926004,0.523784249983414,0.47110727791415113,0.3395552668353919,0.2481921316260864,0.13797509586081458,0.544616201154382,0.6896437338287004,0.7394015789822862,0.6996785464068218,0.3823392821601539,0.655277648775957,0.8500630266038612,0.6250248789225767,0.2876997360408898,0.6125522457374113
D1_ShelterHotspots_Clusters,0.2378070005210593,0.094592137994598,0.08007884612249679,-0.20411649588897435,0.12221214719612981,-0.2363569835295801,-0.23817311479374306,0.4275557011631886,0.15773579408751487,-0.053456715850389566,0.11729147543730165,0.30590584574814156,0.3054998880809069,0.1364932488360804,0.25392098345581127,-0.0074411031765027336,-0.2076879765231823,0.2226474197710651,0.3231901527539671,0.31764861921011467,0.5104148217712683,0.3400786359352318,0.5317501967987405,0.26434434416924807,0.25603204385346934,0.14533331425127363,0.20866512618101613,0.22594943318684169,0.4351938591383595,0.47676979668359265,1.0,0.7053266859092102,0.4559230752567191,0.3591964103534609,0.5713716907536455,0.40987557033280214,0.46159655007542516,0.4955392285489373,0.2731844095844413,0.6510102335345054,0.586544937361813,0.3633003003094707,0.44972183533859844,0.6229607292214149,0.6027289425347678,0.35168946812235125,0.2841355353972926,0.13112886708599833,0.09361233450865061,-0.03792228560326781,0.482707154052006,0.4195072833971171,0.4945818687888327,0.4761000576264118,0.15061096524541884,0.37174454190010303,0.6052805983910284,0.393514852250952,0.09242333289884204,0.4118546894556066
