,U10_WorkdayLong_HelsinkiMedium,U11_OfficeWaitHeavyTail_HelsinkiMedium,U12_HighTimeVariance_HelsinkiMedium,U1_CBD_Commuting_HelsinkiMedium,U2_RetailHeavy_HelsinkiMedium,U3_NightlifeClusters_HelsinkiMedium,U4_RainyDay_SlowMobility_HelsinkiMedium,U5_SparseSuburb_HelsinkiMedium,U6_DenseDowntown_HelsinkiMedium,U7_MicroMobility_HelsinkiMedium,U8_CongestionHotspot_HelsinkiMedium,U9_WorkdayShort_HelsinkiMedium,C1_Campus_ClassChange,C2_ExamDay_LongStays,C3_Hackathon_24h,C4_Stadium_IngressEgress,C5_Festival_MultiHotspots_HelsinkiMedium,C6_Conference_Networking_HelsinkiMedium,C7_Library_Quiet,C8_EmergencyDrill_Evacuation,V1_TaxiLow_HelsinkiMedium,V2_TaxiHigh_HelsinkiMedium,V3_BusOnlyCarriers_HelsinkiMedium,V4_MixedBusPed_HelsinkiMedium,V5_RushHourBusDensity_HelsinkiMedium,V6_CarOwnership_0_HelsinkiMedium,V7_CarOwnership_100_HelsinkiMedium,V8_RoadClosure_HelsinkiMedium,R10_TinyRange_5m,R11_SpeedExtremeLow,R12_SpeedExtremeHigh,R1_Rural_RandomWaypoint,R2_VillagesTrails_ThreeClusters,R3_WildlifeTracking,R4_ParkRangers_HelsinkiMedium,R5_MountainRescue,R6_SparseLongRange,R7_SparseTinyBuffer,R8_IntermittentPower,R9_ExtremeRange_200m,D1_ShelterHotspots_Clusters,D2_PartitionedCity_MuleBridge,D3_Aftershock_ErraticMobility,D4_MedicalTriage_TwoClasses,D5_UAVMule_FastRoute_HelsinkiMedium,D6_ShortTtlCritical_5to10min,D7_HighLoad_TrafficStorm,D8_InfrastructureReturns_BackboneLinks,D9_Critical_1minTTL,S1_StrongCommunities_SeparateClusters,S2_WeakCommunities_HighMixing,S3_PeriodicMeetings_RegularRhythm,S4_RandomMixing_NoHotspots,S5_TwoLayer_StudentsStaff,S6_FamilyGroups_SmallPersistent,T10_HighRateLowSpeed_Congestion,T11_TTL_1min,T12_TTL_Infinite_Buffer200M,T13_Buffer_256k,T14_Buffer_200M,T15_TransmitSpeed_256k,T1_ManySmallMsgs_HighRate,T2_FewHugeMsgs_LowRate,T3_MixedBimodal_SmallAndLarge,T4_VeryShortTtl_5to10min,T5_VeryLongTtl_6to24h,T6_UniformSources_RandomFromTo,T7_TargetedToHubs_FewDestinations,T8_BurstTraffic_TimeWindows,T9_BufferStress_SmallBufferHighTraffic
U10_WorkdayLong_HelsinkiMedium,1.0,0.3775791064004571,0.542241573978566,0.5325690535936731,0.48307502734146196,0.19986579829151818,0.5692321700139311,0.3958262220420798,0.7419886074458922,0.6480237514151735,0.7100280166739795,0.27390763474903773,-0.22916255056917986,-0.4448467041211175,-0.28741468489210603,-0.17969624416562333,0.45006659731475196,0.43139592941353455,-0.4025423489386198,-0.05360119896396122,0.08865906797465273,0.14778850554779788,0.40007296757978966,0.6456737390869729,0.6228140105986798,0.7096990197385805,0.5385138806972444,0.7181356005821827,-0.527697889304103,-0.3623022273998545,0.10695180287974851,-0.10527602502290057,-0.12024440962459193,-0.3561436801620891,-0.1424467743236941,-0.30982973039813594,-0.17432552665268983,-0.3142773744603211,-0.1534194821815762,-0.21028380877770944,-0.14443836567308416,-0.2589686322340306,-0.35256303048040216,-0.17309711363662128,0.008783345706104242,-0.24836555744547345,-0.12077753912836733,-0.18244499767532016,-0.3893000832527192,-0.03424474393971604,-0.16910221549823523,-0.41999362935045775,-0.43333239826539205,-0.23818178552480804,-0.08248772992239954,-0.2548007792314979,-0.3624280280376928,-0.16918416284958018,-0.40641957097532877,-0.18655010344280176,-0.2747735667829573,-0.4450070759515835,-0.1486721469782071,-0.2632165350824037,-0.3952217056267172,-0.43306438719467544,-0.47496121628085913,-0.180762824154729,-0.19235684597072983,-0.39421962649745873
U11_OfficeWaitHeavyTail_HelsinkiMedium,0.3775791064004571,1.0,0.5161490056844211,0.2783395088034584,0.24243561736977437,0.11268154570349774,0.5227250497006155,0.38478001994801747,0.5159170755590196,0.45390632894975397,0.3681801665931216,0.512143101561536,-0.17822498666708847,-0.35304308503684406,-0.22321159266291818,-0.14212395286214816,0.1940712771595868,0.3321346768962684,-0.3157851589705639,-0.04136098466094452,0.06850591897619752,0.11678381043446655,0.3152212846029171,0.5941932251307112,0.5192550724906942,0.4248899407408354,0.36098881656213044,0.5492872842571,-0.42002423986970416,-0.28532719833716097,0.08236350323483792,-0.08117215739338215,-0.0919242885831284,-0.27825666013428224,-0.11224782243321983,-0.25451750886246016,-0.14423427652375767,-0.2520299964958525,-0.11867772539940681,-0.17379523394329977,-0.11173639350542063,-0.2044872424828571,-0.2817788339188215,-0.13714795908068025,0.00870006596009365,-0.2056518548268469,-0.10233731014243858,-0.14361106827315495,-0.3154189460268709,-0.024328429381411453,-0.13842627739670285,-0.3386266212834241,-0.3470096663203205,-0.18949711396825708,-0.061837890482342416,-0.2083343416733531,-0.295761291907364,-0.1317257786722574,-0.3271544632007825,-0.14822164593339324,-0.2237439078046549,-0.3600819531438635,-0.11389843680044125,-0.20444189244321545,-0.32181267174897255,-0.3488859547338597,-0.3796243332665627,-0.14309828782955009,-0.15120698943596028,-0.3179729502968233
U12_HighTimeVariance_HelsinkiMedium,0.542241573978566,0.5161490056844211,1.0,0.2827603957432267,0.386863517404475,0.19264480836885917,0.5938848295127909,0.30008279834698154,0.6439913847056115,0.565467664240478,0.614725316637347,0.5500609928665253,-0.20795862853738634,-0.40461682196761073,-0.2649019580028653,-0.16253492748826961,0.3576190921664725,0.3451981105221786,-0.3694106336990544,-0.04258547226780178,0.0724956688754362,0.14668287455009643,0.36667839807900127,0.8440152255766771,0.6394668955879026,0.6060566596839823,0.3794012289483733,0.86105323689393,-0.505753562001889,-0.3970116278973303,0.1289530099084627,-0.17644001657417405,-0.12282279029845264,-0.36975710926662675,-0.1500536200055777,-0.29775203481956675,-0.19779084782327083,-0.33327949135405005,-0.14796480614069651,-0.20156429922297414,-0.13285003037116772,-0.2297787305412965,-0.343903647393179,-0.16399806367180272,-0.007848843301652617,-0.22804247503383832,-0.1091636210075606,-0.1581755909699211,-0.3744437749955095,-0.03407575231116571,-0.12283945929439231,-0.38167656139470085,-0.41022270619393164,-0.22042779880004185,-0.07893030030295295,-0.22841325056562034,-0.3281686474600259,-0.16030947766857015,-0.3900199755348633,-0.16914347459981208,-0.24789388815767316,-0.4001704558176287,-0.14367141484142545,-0.2532155658248876,-0.36351939502104724,-0.40554622397302037,-0.4429893023734612,-0.17341121747389035,-0.18536140038124502,-0.3646311479491309
U1_CBD_Commuting_HelsinkiMedium,0.5325690535936731,0.2783395088034584,0.2827603957432267,1.0,0.3921465253013229,0.20380116775251175,0.5282914062952048,0.46157688907562655,0.6150788989878614,0.5387274886244485,0.652501416761649,0.5343702264321832,-0.19989867166647385,-0.3827077681574866,-0.2505983548732145,-0.15487279737304155,0.36359477211067087,0.29981839452748255,-0.34839563863696926,-0.04861849282576358,0.07806398169367629,0.12749764025683336,0.3463756751769679,0.2364799815986414,0.6119352867712731,0.5835700507273383,0.3431440250763068,0.5208649215854468,-0.4515684839528119,-0.31254135661983984,0.0940318459591107,-0.09188853743751059,-0.10555326156928914,-0.30912014435983964,-0.12267734103049838,-0.2596903723472337,-0.15107044507617726,-0.26759737591626687,-0.1339808368147907,-0.1838439770668424,-0.1258728100024815,-0.22315487353743202,-0.3009382799395659,-0.1487981728321824,0.006738603482402636,-0.20661129563381195,-0.09844353408728498,-0.15749098744434165,-0.3296086823757543,-0.031108548483824303,-0.1414743281901621,-0.35678809861781624,-0.3697390117754838,-0.20353858019111137,-0.07337481095764216,-0.21407439302234266,-0.30504875659580605,-0.14700459176059752,-0.34485354979615246,-0.16019140387475336,-0.2319031942692605,-0.3769621420084425,-0.130650589662748,-0.22921566618268588,-0.3329707821521246,-0.368308261644504,-0.40517205881897245,-0.15544823167874042,-0.16625926439691044,-0.33415983011963407
U2_RetailHeavy_HelsinkiMedium,0.48307502734146196,0.24243561736977437,0.386863517404475,0.3921465253013229,1.0,0.5562604905154023,0.6394581537580178,0.302049539819454,0.568966643881598,0.505729451046211,0.5344173720312532,0.49409209045234737,-0.2309751288285373,-0.4235673952701645,-0.2891592614118702,-0.17239157343198955,0.6696138986023757,0.498148000738417,-0.3929730556643389,-0.0626848774597115,0.0927393738419641,0.14236130829298557,0.39110767378384925,0.4757690767848703,0.5499363853695604,0.7794056722851169,0.3276427239967649,0.5266240041738148,-0.4912138355930261,-0.34891382917950425,0.11122840407214292,-0.10636996954654154,-0.12428324600396093,-0.35177909794140516,-0.1362299857436583,-0.26310492037833716,-0.17108252986643518,-0.286316585759115,-0.15534403150080695,-0.21386884594904965,-0.14501862335840537,-0.24825768640056387,-0.3246460183623859,-0.16426048417880493,0.0045599162371899185,-0.20364801937259122,-0.0895944882835132,-0.1761872607494977,-0.34597672232358523,-0.040267426222942874,-0.1423804916564635,-0.37879838880944017,-0.39836030081742735,-0.220405575107598,-0.08974706297575764,-0.21873583440099276,-0.31368635792046873,-0.16784886256877093,-0.3646803483039916,-0.17623025388767072,-0.24075711258107702,-0.3963587383583294,-0.1543299952924757,-0.2634925912052682,-0.3435588620599311,-0.3925237519031519,-0.4362269053050215,-0.17181593989843608,-0.18674562462484723,-0.352143485864553
U3_NightlifeClusters_HelsinkiMedium,0.19986579829151818,0.11268154570349774,0.19264480836885917,0.20380116775251175,0.5562604905154023,1.0,0.3525885616783156,0.12057669184230348,0.32814218861675115,0.2985051101831423,0.3012668702010437,0.36530834201717705,-0.1868748046282257,-0.29339575923364064,-0.2326847683063139,-0.12207796843553156,0.5798107639961642,0.3063319690135813,-0.29217933235415483,-0.06890614497330674,0.0819722231383271,0.10204887949901499,0.29257949882391965,0.36986332064044175,0.3423714768289258,0.37275509084174335,0.18486908587316037,0.29192141418767514,-0.3157314115381544,-0.249501232320196,0.09686959628931485,-0.08630040253301742,-0.10637486889461532,-0.2699876996062748,-0.09534120273038432,-0.1149060925230622,-0.1323830312796043,-0.170649065395002,-0.1269003698941635,-0.18153784096949024,-0.1158757916582563,-0.17524256292303164,-0.20110179281507465,-0.11243763985043882,-0.004561241027697241,-0.07160788698756845,-0.008269312089906082,-0.1270253879688199,-0.18741301200536664,-0.04371962894219026,-0.05894068490209101,-0.21766064075095634,-0.24553690687128257,-0.13864418026355707,-0.0855524902491769,-0.10096988973242149,-0.15083731877848025,-0.13021167986330318,-0.20492096470588253,-0.11902907648384721,-0.12272247445877704,-0.2165796962824627,-0.13357032016041293,-0.20924189112233726,-0.16852805976337884,-0.22996733857894328,-0.26763887299498984,-0.11818412147674745,-0.1367183404525622,-0.19440199080205822
U4_RainyDay_SlowMobility_HelsinkiMedium,0.5692321700139311,0.5227250497006155,0.5938848295127909,0.5282914062952048,0.6394581537580178,0.3525885616783156,1.0,0.3335961595301379,0.861073591692622,0.7528653748705283,0.727669704037583,0.8138771526543757,-0.1837793184382856,-0.4199369970346015,-0.23972070088932843,-0.1752892895433051,0.5742644762508806,0.5553415107822037,-0.37041094398550406,0.010051152475680758,-0.04537161751196219,0.10951793477646078,0.3207757101854335,0.7320630552046407,0.8973131225056523,0.9151766259719664,0.5176885359436607,0.8627614256698708,-0.6260130393608373,-0.6189313309462648,0.08596876368660725,-0.42487185364952823,-0.15477331418749093,-0.5046583519507845,-0.2348642708781339,-0.4645742979529623,-0.31747916510192364,-0.5348243364375367,-0.16272004955578714,-0.1900331418313784,-0.12653286017516566,-0.17788378768980878,-0.4888165471908689,-0.21841420945273193,-0.0509824173326791,-0.35320253110126737,-0.2031776739717882,-0.09167727774172446,-0.5282444836827256,0.0174504040612385,-0.09607635093808914,-0.4689352962618996,-0.5058855408199446,-0.2666900637218733,-0.04889110437869083,-0.28674314179178934,-0.4586742864176299,-0.17014382375296952,-0.5384657640521044,-0.18561205267039876,-0.326341998718462,-0.4786725495277256,-0.14728531277592213,-0.2846009794189389,-0.4932497631191153,-0.5409136534454213,-0.55468273470197,-0.2242786479041478,-0.2331031705827756,-0.461198620813979
U5_SparseSuburb_HelsinkiMedium,0.3958262220420798,0.38478001994801747,0.30008279834698154,0.46157688907562655,0.302049539819454,0.12057669184230348,0.3335961595301379,1.0,0.3013636601109482,0.22771162883966717,0.1918719597516082,0.31754565521327727,-0.1976355069715623,-0.39500786114292147,-0.21119472114274446,-0.1949207388178942,0.20915747031553514,0.37317145621207626,-0.3283248754971941,-0.06733822359031251,0.16782420024535233,0.13253104622841333,0.4580154687499934,0.40212525558517775,0.3536313701474295,0.3256135081855119,0.3616101033737537,0.29992398331705716,-0.31165192601302505,0.004415162828792816,-0.002880455505503493,0.2774491116374623,-0.039182880691761325,-0.07357296379111802,0.030134093156137687,-0.19928986027974066,0.04061257143846235,-0.0731941225384053,-0.07885948694329534,-0.1089173788301843,-0.17408638700225162,-0.23987552910948975,-0.2673775777587833,-0.13477395109966372,0.05149414615907335,-0.26261637070395766,-0.2036306125031549,-0.18862264209283114,-0.28175950247992787,-0.10467197019904627,-0.4095885611184575,-0.4153146888408311,-0.38112714318637764,-0.3261206139028922,-0.033401759103292655,-0.2562281529147651,-0.3287689946002229,-0.10561784448384207,-0.24710776241468677,-0.16380702559019633,-0.247059897310337,-0.3971508300826727,-0.07933282959743551,-0.15931686543798956,-0.3602239186126084,-0.3480607057454475,-0.3773492141424763,-0.1268417748273234,-0.1272458897563945,-0.34902281941339325
U6_DenseDowntown_HelsinkiMedium,0.7419886074458922,0.5159170755590196,0.6439913847056115,0.6150788989878614,0.568966643881598,0.32814218861675115,0.861073591692622,0.3013636601109482,1.0,0.9321280389936437,0.852797952783871,0.7474252050695607,-0.20010477609248695,-0.45364440707529585,-0.29367754486858333,-0.136348376853611,0.5126925429668864,0.4487953904587861,-0.42227044636986083,-0.00846089181493535,-0.04712065785178418,0.09950319361306202,0.21015019505402235,0.7389276964962298,0.8176867723794412,0.8616124143995143,0.5399029189741896,0.884128487196724,-0.6991874813820469,-0.6001675039143082,0.10177463651542219,-0.334094000510768,-0.18894232869892005,-0.5189376748116771,-0.31626028359125324,-0.4640300368038358,-0.3298344766829209,-0.49728745256786666,-0.18684947404316882,-0.2793501076062785,-0.05818126990451614,-0.2006186545154118,-0.40869454635323793,-0.1908756085381614,0.0006441045376769003,-0.28658369663061717,-0.08645441396506169,-0.10909089231735442,-0.4956280738691494,0.12392493865064219,0.02655400275349569,-0.45635131137732776,-0.44085600200886177,-0.10841904355028226,-0.09541244007701573,-0.2845131322985532,-0.48954909752944076,-0.2013511279401459,-0.5854965796697477,-0.20317589120583235,-0.3634059634611467,-0.5590266076735464,-0.16266172089044995,-0.2989266610897724,-0.4796033572028579,-0.5448800344520508,-0.5906837609309886,-0.2131417187649563,-0.22092906675441704,-0.46098023783014597
U7_MicroMobility_HelsinkiMedium,0.6480237514151735,0.45390632894975397,0.565467664240478,0.5387274886244485,0.505729451046211,0.2985051101831423,0.7528653748705283,0.22771162883966717,0.9321280389936437,1.0,0.7383461625877703,0.6495387613334536,-0.16161917454083938,-0.39185552881587127,-0.26111103769129757,-0.09390065159116702,0.4444814576918201,0.37349948027293495,-0.3781226599268592,0.02208263324985944,-0.07392394197096928,0.03478681977637626,0.058806613852024264,0.6476942964355689,0.671614307957941,0.7516050667945161,0.4775334885191059,0.7685354662376975,-0.6654289436526224,-0.5625981480690687,0.03955039836710844,-0.31117218270891656,-0.1919028064375049,-0.48100105275208777,-0.3464989877805102,-0.42031653150468545,-0.2803553700344743,-0.2828125742539035,-0.17528100957250958,-0.21124867300506803,-0.008039128471769403,-0.15510664829445583,-0.3478640983701104,-0.1643586213253511,0.009933490913640508,-0.2354043122680082,0.016578488870592017,-0.07067739501366663,-0.3460339588305935,0.18844926917714566,0.09052651903932846,-0.36923540202876065,-0.23288130721930111,-0.02100925132768029,-0.09295706509596956,-0.20140080960746265,-0.34947444232692565,-0.4725860957537216,-0.374386373983602,-0.4471153644814469,-0.3533896647411408,-0.36738639364774983,-0.19646831063028303,-0.26630689824803233,-0.3193402045204341,-0.5062309105152402,-0.5592933848197663,-0.18980978543972324,-0.1938868478773377,-0.2273708419155589
U8_CongestionHotspot_HelsinkiMedium,0.7100280166739795,0.3681801665931216,0.614725316637347,0.652501416761649,0.5344173720312532,0.3012668702010437,0.727669704037583,0.1918719597516082,0.852797952783871,0.7383461625877703,1.0,0.7193587324621387,-0.20532026693809935,-0.43057410744446756,-0.2677648292564463,-0.17070172844605222,0.5062619973955872,0.32866171550253115,-0.38659346952811485,-0.02751907111382891,0.0545384858595664,0.17249047618149896,0.38270658016478737,0.576005039134869,0.8709907558128067,0.8315092463291054,0.4155367640613566,0.8586159929797853,-0.5845068861964078,-0.5187614712861807,0.17301717044425857,-0.30012110047210133,-0.1452016877708119,-0.4470838674151256,-0.19131682547893597,-0.3760367633021225,-0.2805317283334944,-0.4397962164299886,-0.15937372626731125,-0.23962112817863604,-0.13424551344907074,-0.22290456528592975,-0.4160301757592355,-0.18549191249167588,-0.028491184790001643,-0.2821756607654076,-0.14625207000264617,-0.14388911094649778,-0.4565667817075065,-0.02790594858536352,-0.10485015366787792,-0.4319225997405609,-0.4760778903244445,-0.24870116044147356,-0.07632854120364223,-0.26149469413770016,-0.3856472400891632,-0.17234918103715208,-0.46933230466948994,-0.18083703426893982,-0.2865439214353926,-0.44959019327861643,-0.1505277600975624,-0.2754511907368409,-0.42877666869379777,-0.47542125966260607,-0.5073012162373636,-0.1991475699395598,-0.20931295219144724,-0.4219324396466557
U9_WorkdayShort_HelsinkiMedium,0.27390763474903773,0.512143101561536,0.5500609928665253,0.5343702264321832,0.49409209045234737,0.36530834201717705,0.8138771526543757,0.31754565521327727,0.7474252050695607,0.6495387613334536,0.7193587324621387,1.0,-0.18850782104513822,-0.4302435525165085,-0.24290186873533803,-0.16915222561764878,0.45973356931611054,0.40496350990583385,-0.3682965272686778,-0.016896292226997105,0.05338338579084117,0.15636887490550752,0.36580545652047214,0.6263202280482703,0.8521398576686221,0.7169194995013068,0.3907997846015548,0.730081384946676,-0.5731584070280814,-0.4362614746493654,0.12520449270830372,-0.20159415782403237,-0.11055465398798946,-0.377282068441752,-0.16518205551572984,-0.4028869448742442,-0.2219784195465537,-0.40372129883592295,-0.1364465804075957,-0.19852447124741876,-0.1218074682422244,-0.2360194440429202,-0.40137489684233624,-0.17784976247636805,-0.003986755379583552,-0.3255351533816125,-0.17962188106130908,-0.15733540676242186,-0.46771278230445446,-0.01667181552109191,-0.16486378454473663,-0.4586202548850467,-0.4771134117710843,-0.250505739630073,-0.05635822656176497,-0.30098699825746555,-0.42739041361908997,-0.15496461529771238,-0.4767675124057496,-0.1828881128418609,-0.3156381487042651,-0.4920380160058256,-0.12294340059418686,-0.24083679285385742,-0.469641779356395,-0.48570358754998355,-0.5137057684179934,-0.18808578204071216,-0.19144307393482377,-0.4469598363869614
C1_Campus_ClassChange,-0.22916255056917986,-0.17822498666708847,-0.20795862853738634,-0.19989867166647385,-0.2309751288285373,-0.1868748046282257,-0.1837793184382856,-0.1976355069715623,-0.20010477609248695,-0.16161917454083938,-0.20532026693809935,-0.18850782104513822,1.0,0.19159536646544287,0.13347574476452925,0.02327390158648624,-0.2238611272982745,-0.19187298769845615,0.22417799890720636,0.12752546170787676,-0.14470098149002106,-0.1367782735514427,-0.24120985227233394,-0.2291037484808939,-0.21985257316902723,-0.2265070810112188,-0.1969587005873934,-0.2056232552686633,0.2066163030194236,0.07575952481235429,-0.010018582667662344,-0.10231714630221185,-0.040254937889378,0.3911667780503571,-0.007786267846391211,0.015037191384930869,-0.023001343509919215,-0.02573756631624055,-0.004402370703476836,0.044028884648154916,-0.0242616367595398,0.07069176292768246,0.016336542351194,-0.06026053893440182,-0.08624725025323386,0.014070098844928236,-0.0007974526044498741,0.015103215679030594,0.017779367836513613,-0.039331811550214646,0.17996085095608494,0.13774413934388838,0.18781175156632815,0.11422994479338355,-0.0418670577911782,0.05686656173893641,0.07530993454286064,0.06978208611495336,0.12221185955709712,0.04843969252023406,0.13009573040905667,0.0973777905193492,0.23412850963966517,-0.013987188257528049,0.1389004411320767,0.23750359061410514,0.20111105696435522,-0.0014323970004056093,-0.047418030577046695,0.07149373590683071
C2_ExamDay_LongStays,-0.4448467041211175,-0.35304308503684406,-0.40461682196761073,-0.3827077681574866,-0.4235673952701645,-0.29339575923364064,-0.4199369970346015,-0.39500786114292147,-0.45364440707529585,-0.39185552881587127,-0.43057410744446756,-0.4302435525165085,0.19159536646544287,1.0,0.6503617501005632,0.045375874018132055,-0.4128419251277809,-0.3899698135824923,0.7870013980479214,0.15600974259180442,-0.3123088571354232,-0.29148194149813506,-0.47161145459927095,-0.4938958149288467,-0.4693316974652791,-0.47803914955958016,-0.3707586976014437,-0.4494884534916936,0.4097525518136696,0.2572004204350515,-0.18027857934813193,-0.08270809813114756,-0.03715814530771299,0.45198970983685927,-0.07304575940726257,0.3878400332769063,0.0030681998088685804,0.11147000783590823,0.0368022478200191,0.09370426899172501,-0.07931241845944513,0.11458178644529454,0.6996800342021665,0.08336167861914821,-0.21972914430480425,0.3813338965289031,-0.06289714382915622,0.02466212611380681,0.6289077970080249,-0.09110594581006799,0.05424456410437301,0.7259552122364574,0.27893099606440674,0.0383172770724891,-0.001698458444475275,0.10716452535893077,0.5730030716235229,0.10906080650939971,0.21890287654921778,0.32492574400305985,0.10070265255360974,0.2859181099945941,0.04156655770351657,0.059399890073841256,0.5875991725429466,0.6256326038777854,0.26668898570892274,0.003586335455335973,-0.02152511560348829,0.22876205014900144
C3_Hackathon_24h,-0.28741468489210603,-0.22321159266291818,-0.2649019580028653,-0.2505983548732145,-0.2891592614118702,-0.2326847683063139,-0.23972070088932843,-0.21119472114274446,-0.29367754486858333,-0.26111103769129757,-0.2677648292564463,-0.24290186873533803,0.13347574476452925,0.6503617501005632,1.0,-0.18213760416677457,-0.27706702651340076,-0.22912660334650028,0.7074875770998618,-0.14401006677977868,-0.15192598171706742,-0.16616226015002286,-0.23451384410519865,-0.3058467570389786,-0.26603183287380194,-0.2982424204019086,-0.2481324239692492,-0.27749684896156895,0.486093677296858,0.39919669882267383,-0.08091740106194949,0.0336659936684212,0.06594182685174108,0.6216169784778549,0.027393951499123083,-0.2946586841618878,0.062869024980884,0.22170839332742195,0.03876893658316098,0.03738749164556281,-0.041123923703588625,0.08158896663501766,0.31650684027040443,-0.04752836222177413,-0.1137237347065458,-0.35594960224120986,-0.46281987675850933,0.020703157422940138,0.22582118936827578,-0.037209128881228876,0.09481340246027266,0.28767073729148734,0.34713169112220377,0.11470324130301299,0.06488969372440045,0.1578438813136043,0.18170177651519753,0.10562317378538885,0.31129101925647534,0.07045677431113805,0.16880704838525004,0.34082252134122115,0.04237156760667077,0.07176451402230134,-0.01976529583819362,0.22192072918645495,0.34321701148095185,0.042151661829365895,0.01406880422192042,0.2961166917233411
C4_Stadium_IngressEgress,-0.17969624416562333,-0.14212395286214816,-0.16253492748826961,-0.15487279737304155,-0.17239157343198955,-0.12207796843553156,-0.1752892895433051,-0.1949207388178942,-0.136348376853611,-0.09390065159116702,-0.17070172844605222,-0.16915222561764878,0.02327390158648624,0.045375874018132055,-0.18213760416677457,1.0,-0.17699101705742049,-0.17375767033577488,0.10158731553890732,0.18178964392971556,-0.1749909428186355,-0.1420292237201395,-0.2735766334354241,-0.19897472182187823,-0.21357487418470258,-0.18966803960493703,-0.1506076472778328,-0.17847321226083906,-0.08941674347067174,-0.15992783807129346,-0.07786876744581728,-0.1790241505073801,-0.11526357573838004,-0.1262302962818359,-0.1465354262148791,0.15072550167850315,-0.11190566249962229,-0.1253683780022593,-0.030819652791341343,-0.022547501903412405,-0.04441469335414637,-0.032042929244686845,-0.0885030197492333,0.3689964455541816,-0.12270287201187584,0.20728611713823838,0.3002204854173886,0.1748554948668519,-0.10112908932673603,-0.07581453433326585,0.04890430912380574,-0.046208810718277725,-0.04691876619253613,-0.028634873445084252,-0.10082452143642327,-0.03778194567999902,-0.0758093565575342,-0.01437940918237455,-0.08651851713649325,-0.02307339805330177,-0.04579273706152958,-0.036784857928436415,-0.028624274317303314,0.2724249175135142,0.07940518123355003,-0.0899838984000447,-0.05522300017011999,0.23127686600138495,0.8877826277452269,-0.04281038529696027
C5_Festival_MultiHotspots_HelsinkiMedium,0.45006659731475196,0.1940712771595868,0.3576190921664725,0.36359477211067087,0.6696138986023757,0.5798107639961642,0.5742644762508806,0.20915747031553514,0.5126925429668864,0.4444814576918201,0.5062619973955872,0.45973356931611054,-0.2238611272982745,-0.4128419251277809,-0.27706702651340076,-0.17699101705742049,1.0,0.8238612839365876,-0.3804437896111298,-0.050506054046610356,0.10546455326413022,0.1627212761672954,0.4204747474439507,0.5424611705529274,0.5370306149122783,0.6869703861396982,0.34060259737769216,0.49870849070688333,-0.4833461447590736,-0.36331498170312293,0.13866423990134652,-0.13940267011439494,-0.11748722113444587,-0.3527310211898072,-0.11871902280232856,-0.262319272825304,-0.15573537908974686,-0.30284456036528856,-0.14935253746121424,-0.17045762307922352,-0.16026069669588575,-0.24950136785391838,-0.3414838985316465,-0.1656425286423253,-0.010541121103586496,-0.21626371674687267,-0.11303500243474213,-0.1794007741783719,-0.3548813084086153,-0.07460748122002103,-0.16385800239017864,-0.37824132216313744,-0.4180085037794601,-0.2569792741625463,-0.08340004414708448,-0.22068007703641335,-0.29978547489774315,-0.16177803069960375,-0.358387319779503,-0.16997127641215076,-0.22811287950657816,-0.37771221382783093,-0.1505107255259273,-0.25941455589801654,-0.3460345867273822,-0.3867414853568124,-0.42906828614614867,-0.17249747441725422,-0.18699139354883462,-0.35548684322188717
C6_Conference_Networking_HelsinkiMedium,0.43139592941353455,0.3321346768962684,0.3451981105221786,0.29981839452748255,0.498148000738417,0.3063319690135813,0.5553415107822037,0.37317145621207626,0.4487953904587861,0.37349948027293495,0.32866171550253115,0.40496350990583385,-0.19187298769845615,-0.3899698135824923,-0.22912660334650028,-0.17375767033577488,0.8238612839365876,1.0,-0.33595068666879935,-0.037545583092832374,0.10924704552396494,0.16240400815047304,0.41694936562183516,0.5289868065343742,0.48761714139003653,0.5702712646501829,0.38123053705275256,0.4522992011977427,-0.4481242190017232,-0.2977231685446489,0.11765265744957834,-0.08520215623245174,-0.07916109049427755,-0.28169081187739187,-0.07911295667066637,-0.28558184146373367,-0.12226658045371337,-0.2830805421244181,-0.11644844986728348,-0.1382845402822398,-0.15270272064465287,-0.2417166381850213,-0.33777011688576875,-0.15520486735577435,-0.0020755585440556386,-0.2644340791891449,-0.16562574408496578,-0.1765304630093647,-0.36852998213266286,-0.08541526010822127,-0.2266009543543272,-0.3942236031215804,-0.4251761643663617,-0.2814759873273625,-0.05321154084777774,-0.2508175953046086,-0.3228240683450761,-0.13309209512726855,-0.3508822650665827,-0.1602710812967853,-0.2412682801467631,-0.38987983581690977,-0.11411943066400498,-0.21325274989541054,-0.3779314800707396,-0.3868445384191538,-0.41613898382269515,-0.15858145394344983,-0.165254971281322,-0.3704445201342948
C7_Library_Quiet,-0.4025423489386198,-0.3157851589705639,-0.3694106336990544,-0.34839563863696926,-0.3929730556643389,-0.29217933235415483,-0.37041094398550406,-0.3283248754971941,-0.42227044636986083,-0.3781226599268592,-0.38659346952811485,-0.3682965272686778,0.22417799890720636,0.7870013980479214,0.7074875770998618,0.10158731553890732,-0.3804437896111298,-0.33595068666879935,1.0,0.21304973982972708,-0.23302930707567193,-0.24582972625326102,-0.34587166544030895,-0.43988306342283756,-0.4096401427512039,-0.4322933279386513,-0.3423487302909826,-0.41050631142569116,0.49356229078186803,0.3554699262577388,-0.09800157545050041,-0.04185892776684297,0.10193790678774958,0.5057067579928092,0.01855364825770455,0.04986243420078762,0.0034193271728823675,0.21755245853409028,0.06601479574073423,0.04554061455771789,-0.03632998453058005,0.000877726520687703,0.3167893794870173,-0.07502924472318542,-0.14934630541963967,0.02569284618844732,0.05458659133879786,-0.08091252026856208,0.19079315641813338,-0.10268122542003619,0.17038659799419495,0.31868929103855714,0.38914864652303294,0.18927959616028844,0.021236418174211073,0.12055353607124311,0.20739478246940388,0.160887908558758,0.3447979433137167,0.09366358850532877,0.185043811817543,0.4056665375963288,0.059220859701860425,0.11588543623449786,0.19282765314878467,0.24838637317147844,0.453992355003994,0.04867559480666091,0.013417432274319983,0.34944942061328366
C8_EmergencyDrill_Evacuation,-0.05360119896396122,-0.04136098466094452,-0.04258547226780178,-0.04861849282576358,-0.0626848774597115,-0.06890614497330674,0.010051152475680758,-0.06733822359031251,-0.00846089181493535,0.02208263324985944,-0.02751907111382891,-0.016896292226997105,0.12752546170787676,0.15600974259180442,-0.14401006677977868,0.18178964392971556,-0.050506054046610356,-0.037545583092832374,0.21304973982972708,1.0,-0.0390458176705571,0.011744340191499843,-0.07471914524157372,-0.04887774886045126,0.015947772091513285,-0.01959634700308448,-0.04407323692040772,-0.0014781071540231122,-0.20194467751068282,-0.2515064830719324,0.0736414578396151,-0.20351785666226913,-0.10714501185157833,-0.20291341760394507,-0.10014525081005704,0.1015223185630079,-0.11701272231542179,-0.19120380979951007,-0.07011694478638883,0.15620088840104637,-0.0795287597162006,-0.06605310527510534,-0.16263147096705247,-0.060767306983789855,-0.059968218210534725,0.15359967891513368,0.21299206864632383,-0.038932312179046004,-0.13639609829088284,-0.0638287292502579,0.046023228742542076,-0.10146183288200934,-0.16777010996372885,-0.1240799059657388,-0.09766286920245623,-0.046856278385325946,-0.07901911324092188,-0.07540927075359868,-0.15166954128301824,-0.050170057069888106,-0.05670205860442171,-0.10397282661787809,-0.08627793947182294,-0.11786489901714589,0.01971673666558208,-0.1379671498618066,-0.16843471186901005,-0.07087490611911194,-0.07736699436382016,-0.1243048965961906
V1_TaxiLow_HelsinkiMedium,0.08865906797465273,0.06850591897619752,0.0724956688754362,0.07806398169367629,0.0927393738419641,0.0819722231383271,-0.04537161751196219,0.16782420024535233,-0.04712065785178418,-0.07392394197096928,0.0545384858595664,0.05338338579084117,-0.14470098149002106,-0.3123088571354232,-0.15192598171706742,-0.1749909428186355,0.10546455326413022,0.10924704552396494,-0.23302930707567193,-0.0390458176705571,1.0,0.8502153184696882,0.39865075202749195,0.08966237179820112,0.10469835987267982,0.05685797555636236,0.07670827361234779,0.03739305563624252,-0.23181866190168599,-0.09048658827857094,0.2884933139470864,0.05631697789211514,-0.010553641584823421,-0.10924511632488658,0.7218662909296532,-0.1472157034352384,0.21425962390971418,-0.05762603165425561,-0.04550779723557516,-0.09258906454812461,-0.22371067442586934,-0.2533657928178603,-0.25122618150533005,-0.11910920610017019,0.6809244869109504,-0.21735197380982332,-0.1562822794003443,-0.19443396412989478,-0.22658064132609582,-0.23956601391919458,-0.2891576943071671,-0.2976185291159899,-0.30599226529556717,-0.34473239794456206,-0.10670703853524875,0.23088569741106016,-0.12528035816387223,-0.1555056535705519,-0.08268003650626286,-0.19456497493560643,0.295537004740141,-0.1574617781837384,-0.06225230907162999,-0.11308694886430311,-0.23655320701915172,-0.23921651561349666,-0.22412748594777537,-0.10244132126440694,-0.10813993060203776,-0.18204963739536756
V2_TaxiHigh_HelsinkiMedium,0.14778850554779788,0.11678381043446655,0.14668287455009643,0.12749764025683336,0.14236130829298557,0.10204887949901499,0.10951793477646078,0.13253104622841333,0.09950319361306202,0.03478681977637626,0.17249047618149896,0.15636887490550752,-0.1367782735514427,-0.29148194149813506,-0.16616226015002286,-0.1420292237201395,0.1627212761672954,0.16240400815047304,-0.24582972625326102,0.011744340191499843,0.8502153184696882,1.0,0.4095462068601287,0.16157472811416332,0.24838107391025196,0.19353607530897382,0.12407588387673306,0.19425033192263974,-0.2986684238708633,-0.2779405960896046,0.5085571650195478,-0.1537199258824031,-0.07827202772404558,-0.24676821840002197,0.6881387917832866,-0.16373315105209824,-0.11341677453737273,-0.22975953843347333,-0.06910971608982217,-0.0671964637070036,-0.1905713569675301,-0.19421262518751803,-0.2772889824874575,-0.11231510434499817,0.7034338049168486,-0.1675691195598851,-0.11080458810037871,-0.13567306768835552,-0.2761368958239655,-0.20920634327554904,-0.09671933685844239,-0.27515822394786427,-0.3379461203637051,-0.2689772593647006,-0.14075132838964968,-0.15929010725323536,-0.14110408667961338,-0.07054169351773358,-0.20094866685302107,-0.0809886168214639,-0.11565762122207313,-0.183326471560392,-0.06762664035594286,-0.14321259443912115,-0.2529762473105989,-0.24097326270482386,-0.23471347879666973,-0.11444698469356357,-0.123488144400596,-0.23152018341340647
V3_BusOnlyCarriers_HelsinkiMedium,0.40007296757978966,0.3152212846029171,0.36667839807900127,0.3463756751769679,0.39110767378384925,0.29257949882391965,0.3207757101854335,0.4580154687499934,0.21015019505402235,0.058806613852024264,0.38270658016478737,0.36580545652047214,-0.24120985227233394,-0.47161145459927095,-0.23451384410519865,-0.2735766334354241,0.4204747474439507,0.41694936562183516,-0.34587166544030895,-0.07471914524157372,0.39865075202749195,0.4095462068601287,1.0,0.4327450653082703,0.5256467460249512,0.4228667230710707,0.3369921285003548,0.39374840940411593,-0.3000750623493994,-0.08919726873218005,0.3464303936353197,0.12106115254181248,0.07057707054526083,-0.15135099038708186,0.1920967617981475,-0.2003106820311649,-0.04002910566974511,-0.1352201233079782,-0.06359864294716165,-0.12469835301168654,-0.24798470615281631,-0.3505332337534749,-0.3653421701118259,-0.16853205660041032,0.06433737395231541,-0.31360900632277,-0.24528568567040693,-0.2819744882602001,-0.36208233709018617,-0.27789670424987795,-0.4296692836649852,-0.44254673638703773,-0.49480766218405403,-0.4335369576229424,0.013633709637875975,-0.2930317974591401,-0.2232961489042799,-0.06510133497005025,-0.17781007100890442,-0.14207572825426937,-0.1787631504800556,-0.2805291185285267,-0.082205058822392,-0.16357587294930628,-0.39273694283217964,-0.32536107625133825,-0.28225053063759015,-0.1485474517272964,-0.16278886862768974,-0.33606887255440887
V4_MixedBusPed_HelsinkiMedium,0.6456737390869729,0.5941932251307112,0.8440152255766771,0.2364799815986414,0.4757690767848703,0.36986332064044175,0.7320630552046407,0.40212525558517775,0.7389276964962298,0.6476942964355689,0.576005039134869,0.6263202280482703,-0.2291037484808939,-0.4938958149288467,-0.3058467570389786,-0.19897472182187823,0.5424611705529274,0.5289868065343742,-0.43988306342283756,-0.04887774886045126,0.08966237179820112,0.16157472811416332,0.4327450653082703,1.0,0.7119037474666744,0.6917097254140989,0.5478284590157747,0.8336382631315264,-0.5974866739256623,-0.3993950120215263,0.10780893731560018,-0.11255557138696799,-0.1258067176607027,-0.3801153862038907,-0.15766291973331586,-0.3741510160644225,-0.18417231790388083,-0.3609468566243755,-0.1631346805081387,-0.21436398232213583,-0.15671391724749928,-0.2867420485268487,-0.4035713191368164,-0.19444510857948688,0.0110580025017551,-0.30754143075058954,-0.15965716141108222,-0.20142286567538317,-0.4567889965875385,-0.033227569174056774,-0.20739559573385186,-0.4858009098519107,-0.49582820513881254,-0.2743656389813084,-0.08288489147202667,-0.30253337996984486,-0.43236901600330985,-0.18278020411620413,-0.4744097548419024,-0.20825272139027862,-0.32331253669442034,-0.5236439329093115,-0.1190548804461638,-0.2846835870464421,-0.46797379965882613,-0.4961967813628692,-0.5438800848911675,-0.20197412878490711,-0.21200570296881802,-0.45945953371661324
V5_RushHourBusDensity_HelsinkiMedium,0.6228140105986798,0.5192550724906942,0.6394668955879026,0.6119352867712731,0.5499363853695604,0.3423714768289258,0.8973131225056523,0.3536313701474295,0.8176867723794412,0.671614307957941,0.8709907558128067,0.8521398576686221,-0.21985257316902723,-0.4693316974652791,-0.26603183287380194,-0.21357487418470258,0.5370306149122783,0.48761714139003653,-0.4096401427512039,0.015947772091513285,0.10469835987267982,0.24838107391025196,0.5256467460249512,0.7119037474666744,1.0,0.8674848143546986,0.5063559556055716,0.9027968388272716,-0.6328583124163811,-0.5764421125094353,0.2479343285972559,-0.35730268942215426,-0.1423945828156933,-0.47400419288621554,-0.15385769575963107,-0.42935993804646827,-0.24444248530311388,-0.519464484230087,-0.1566533680842094,-0.13391443185468915,-0.19767437855428807,-0.2540146098207669,-0.5217674032055839,-0.21462558569569407,-0.06212551643802155,-0.37581491810318074,-0.2552349794178999,-0.17061214778390563,-0.5459232015363915,-0.12422693798725719,-0.22816042839787964,-0.5167706949976473,-0.6038502367720464,-0.4024460060933574,-0.06154063526115355,-0.32219871581512044,-0.42801650900173493,-0.17548427271787734,-0.5161453989097508,-0.1953044964378592,-0.31127915527644817,-0.48304134223642753,-0.18829669976361826,-0.28970809497516786,-0.5175634295882903,-0.5426586870727648,-0.5728592741061275,-0.227163532432253,-0.2338652904854827,-0.5082428179904258
V6_CarOwnership_0_HelsinkiMedium,0.7096990197385805,0.4248899407408354,0.6060566596839823,0.5835700507273383,0.7794056722851169,0.37275509084174335,0.9151766259719664,0.3256135081855119,0.8616124143995143,0.7516050667945161,0.8315092463291054,0.7169194995013068,-0.2265070810112188,-0.47803914955958016,-0.2982424204019086,-0.18966803960493703,0.6869703861396982,0.5702712646501829,-0.4322933279386513,-0.01959634700308448,0.05685797555636236,0.19353607530897382,0.4228667230710707,0.6917097254140989,0.8674848143546986,1.0,0.5017075308883345,0.8569089559200379,-0.6595964852275894,-0.590466749615632,0.1965291780463903,-0.3476592713847688,-0.16643315456660945,-0.5057180844703851,-0.21829292977027576,-0.42391455267938255,-0.30036170524507055,-0.5005712240508882,-0.17929064892328905,-0.2385261520241024,-0.15134306628524427,-0.24626307925757235,-0.4711221084118354,-0.20860433045117296,-0.03628807766319284,-0.31849795570735606,-0.1671046425626457,-0.15804681090637404,-0.5142102650202722,-0.032419523966436326,-0.11623213663975314,-0.48424219834606175,-0.5358442688933689,-0.28229807344357205,-0.08602886103981627,-0.2930577701894385,-0.4337439462513361,-0.19416160949345213,-0.5314677824692295,-0.20186891947692417,-0.3209372281747471,-0.503706572290649,-0.1692096713533609,-0.3100958243406882,-0.4827503882829127,-0.5341072828708947,-0.5729890233678003,-0.2244154047871692,-0.2355740462700683,-0.47598497770957665
