,C1_Campus_ClassChange,C2_ExamDay_LongStays,C3_Hackathon_24h,C4_Stadium_IngressEgress,C5_Festival_MultiHotspots_HelsinkiMedium,C6_Conference_Networking_HelsinkiMedium,C7_Library_Quiet,C8_EmergencyDrill_Evacuation,D1_ShelterHotspots_Clusters,D2_PartitionedCity_MuleBridge,D3_Aftershock_ErraticMobility,D4_MedicalTriage_TwoClasses,D5_UAVMule_FastRoute_HelsinkiMedium,D6_ShortTtlCritical_5to10min,D7_HighLoad_TrafficStorm,D8_InfrastructureReturns_BackboneLinks,R1_Rural_RandomWaypoint,R2_VillagesTrails_ThreeClusters,R3_WildlifeTracking,R4_ParkRangers_HelsinkiMedium,R5_MountainRescue,R6_SparseLongRange,R7_SparseTinyBuffer,R8_IntermittentPower,S01A_Urban_WorkingDay_HelsinkiMedium,S01A_Urban_WorkingDay,S1_StrongCommunities_SeparateClusters,S2_WeakCommunities_HighMixing,S3_PeriodicMeetings_RegularRhythm,S4_RandomMixing_NoHotspots,S5_TwoLayer_StudentsStaff,S6_FamilyGroups_SmallPersistent,T10_HighRateLowSpeed_Congestion,T1_ManySmallMsgs_HighRate,T2_FewHugeMsgs_LowRate,T3_MixedBimodal_SmallAndLarge,T4_VeryShortTtl_5to10min,T5_VeryLongTtl_6to24h,T6_UniformSources_RandomFromTo,T7_TargetedToHubs_FewDestinations,T8_BurstTraffic_TimeWindows,T9_BufferStress_SmallBufferHighTraffic,U10_WorkdayLong_HelsinkiMedium,U11_OfficeWaitHeavyTail_HelsinkiMedium,U12_HighTimeVariance_HelsinkiMedium,U1_CBD_Commuting_HelsinkiMedium,U2_RetailHeavy_HelsinkiMedium,U3_NightlifeClusters_HelsinkiMedium,U4_RainyDay_SlowMobility_HelsinkiMedium,U5_SparseSuburb_HelsinkiMedium,U6_DenseDowntown_HelsinkiMedium,U7_MicroMobility_HelsinkiMedium,U8_CongestionHotspot_HelsinkiMedium,U9_WorkdayShort_HelsinkiMedium,V1_TaxiLow_HelsinkiMedium,V2_TaxiHigh_HelsinkiMedium,V3_BusOnlyCarriers_HelsinkiMedium,V4_MixedBusPed_HelsinkiMedium,V5_RushHourBusDensity_HelsinkiMedium,V6_CarOwnership_0_HelsinkiMedium,V7_CarOwnership_100_HelsinkiMedium,V8_RoadClosure_HelsinkiMedium,default_scenario
C1_Campus_ClassChange,1.0,0.9170786637985229,0.34813500680031045,0.9367438357485148,-0.8741149013791747,-0.9685569908846416,0.864092214200208,0.8678918969369978,0.6935896130236088,0.9376571117544009,-0.8952222424765282,-0.7646359053481003,0.5381893359354395,0.6405242525232996,-0.7481559291109696,0.858424809563556,-0.9975813250086767,0.01051769992074755,-0.997670159101965,0.8178377875167292,-0.9972918886250532,-0.6313834872017025,0.3585008500892521,-0.7030899374973738,-0.8847337355516638,-0.8847337355516638,0.42088839713823656,0.9060291544197567,-0.8642425104365039,-0.9241471079958646,-0.9636960111234762,0.6768408112494221,-0.6952396049003043,-0.9151913354717339,-0.9965350766155693,-0.9083378868946659,-0.9972651878865065,-0.767849883154853,-0.8444684728587881,-0.7068156733551142,-0.8414005787250145,-0.9160109429926514,-0.8847337355516638,-0.5977682463270629,-0.5973150228231722,-0.6839832180781589,-0.6854893986514559,-0.6643161977930513,-0.7773795749808079,-0.3239217690518868,-0.49299523465242795,-0.25299414595511943,-0.7614550726196805,-0.6458784508662458,0.9220505923427867,0.33182184455450014,0.7518362891699557,-0.5735953593005815,-0.6974813017200124,-0.4035651603272012,-0.9597379264091593,-0.7858846194156985,-0.8847337355516638
C2_ExamDay_LongStays,0.9170786637985229,1.0,0.6918225758552783,0.8698532274702376,-0.7399178136320688,-0.8788823169193842,0.9930057492363806,0.631654767809528,0.3506209936508411,0.7221050793695349,-0.6436902313250235,-0.4442802699007679,0.18306984695017672,0.39083172855612025,-0.623060018532814,0.5838945476206231,-0.9424113334650891,0.38408333071383877,-0.9400522519885585,0.9729001996472089,-0.9438365138712342,-0.318717634945536,0.12325176195745638,-0.37709146224057155,-0.6503283909717096,-0.6503283909717096,0.034142250467333386,0.999456134634591,-0.5975429222465432,-0.6953762720941112,-0.8839222303217834,0.3770064146044976,-0.377757546304215,-0.6894274202064226,-0.9455982757631163,-0.6702951340414234,-0.9439278142079677,-0.44940615238277637,-0.5748358166003678,-0.6872755196879623,-0.5698106070501194,-0.6958744421499318,-0.6503283909717096,-0.7732282869184118,-0.7633286357896576,-0.6582346438136927,-0.7603923321980898,-0.5832098705865446,-0.8651073323547932,0.0456674252444497,-0.7264822263064452,-0.5534606316810085,-0.8353268149111344,-0.8660673970040461,0.9999185109045797,-0.041044951488781165,0.8704114576915994,-0.7453673956706015,-0.8468675718919624,-0.5955805380598328,-0.8217797573529635,-0.8101395978009838,-0.6503283909717096
C3_Hackathon_24h,0.34813500680031045,0.6918225758552783,1.0,0.32509233394008563,-0.1943707626963609,-0.3339159030881888,0.7721618740015105,-0.10375439971848975,-0.43353399906361506,0.0007159359160829671,0.10168739342913866,0.33606566410810434,-0.5160176405613768,-0.19334768178790812,-0.06411557879430646,-0.1818387688437296,-0.41242825567426444,0.9070740998863972,-0.4081488532132817,0.8173504783354296,-0.4153095814755713,0.42179207874186514,-0.29820288125189737,0.4002585954605496,0.051884068779760324,0.051884068779760324,-0.6938872496655939,0.7119324532743858,0.16506483656100718,0.03623041260416504,-0.3559386961053302,-0.3046163548974901,0.3897569337689731,0.04358994379799165,-0.41937239127424747,0.07202104514801883,-0.4155044099667879,0.32632775153931587,0.1881584430311311,-0.2848372530770323,0.19432786997827006,0.032091201580580715,0.051884068779760324,-0.7783841448926897,-0.7577397175939853,-0.36535729921597837,-0.5962918308338186,-0.22640212528505385,-0.6649822308617153,0.7202329498056254,-0.8547551595590247,-0.8817180497097545,-0.6276123168123712,-0.8915626427823461,0.68255134999168,-0.6656906517604949,0.7217916332041159,-0.7594613625082042,-0.7656433607860584,-0.7231317199137408,-0.21537450497095492,-0.5265896456051408,0.051884068779760324
C4_Stadium_IngressEgress,0.9367438357485148,0.8698532274702376,0.32509233394008563,1.0,-0.6539708264254928,-0.8202215565453984,0.8170427988413581,0.8986899937767924,0.658143154658532,0.8818030244403872,-0.8165001784355724,-0.69915984881562,0.3705933150461069,0.3812112602146529,-0.92142711567525,0.8093953655077477,-0.9337213525811456,-0.08457758373686132,-0.9271125673423057,0.7335624314182068,-0.9381033180163852,-0.7198056337464533,0.050273514419758775,-0.7221938705552433,-0.7366732287298946,-0.7366732287298946,0.4436791489004882,0.8532867123868263,-0.837331210162778,-0.8618672092104124,-0.8095703602987157,0.4743469760119767,-0.7394486726743823,-0.8978477277862572,-0.944179243272417,-0.8717392558584875,-0.9383975130663803,-0.6860472911323924,-0.8439337986621066,-0.9092357952495638,-0.8405302331034468,-0.908885425593013,-0.7366732287298946,-0.3765463579591656,-0.36742015368599995,-0.38969330574334476,-0.42466124197466015,-0.36068753227966577,-0.5640535178231678,-0.41807960488080076,-0.29464552841319624,-0.07217398992631562,-0.530779729276295,-0.5071000054235346,0.8747751984592004,0.15700357621933425,0.549615559633053,-0.34039498704178284,-0.4952572673933396,-0.1423412597593092,-0.8114124949618197,-0.5411402194504015,-0.7366732287298946
C5_Festival_MultiHotspots_HelsinkiMedium,-0.8741149013791747,-0.7399178136320688,-0.1943707626963609,-0.6539708264254928,1.0,0.9642956597724772,-0.6853653707233077,-0.694645364009212,-0.6804272629556092,-0.8562196252556312,0.8646365317220088,0.7677044245974487,-0.7393825334188002,-0.9072703488518705,0.38177629863132245,-0.8041499345112899,0.8647694459262715,-0.02192697483984875,0.8744048951754403,-0.6912408808416757,0.8578725974095641,0.4603120688172413,-0.7514895351207467,0.6106657863360453,0.9429660211342705,0.9429660211342705,-0.40781200956161334,-0.7355955492764278,0.7770860080104266,0.8582986232659646,0.9652542300651739,-0.8751010706160757,0.5689880447096884,0.7912566619954006,0.8475261816886271,0.8150787065031916,0.8573935403869558,0.7911345344322526,0.728018602804355,0.2801272388701851,0.7266964525942291,0.7767226601861126,0.9429660211342705,0.6972726022454391,0.7111895252973757,0.9198059512486682,0.8467476370207099,0.9335997473435843,0.8506249221941531,0.23426629076720246,0.5695192440172795,0.34257020838024993,0.8654563987541742,0.611990857875476,-0.745301188990895,-0.596157105809199,-0.8071957941545628,0.6956637011226942,0.7563665390730039,0.5963636893355473,0.9719508075164104,0.9175491860747209,0.9429660211342705
C6_Conference_Networking_HelsinkiMedium,-0.9685569908846416,-0.8788823169193842,-0.3339159030881888,-0.8202215565453984,0.9642956597724772,1.0,-0.829369549772252,-0.7815411909011045,-0.6688625239431775,-0.9071981976790652,0.8846571866041311,0.7554929494848136,-0.619387538395147,-0.7777844302236339,0.5687391447379112,-0.8298739218490101,0.9664559035577932,-0.07319139005190664,0.9713177959088075,-0.8128279536410039,0.9628548826546312,0.5232192926799029,-0.552103519352909,0.6387297754738309,0.9240080869113942,0.9240080869113942,-0.37635742814041134,-0.872489139139535,0.8194598946231627,0.8994341262585306,0.9995178189694748,-0.7715067433153522,0.6135758999143106,0.8592440788391,0.9572799411652093,0.8667179670798539,0.9626012212169822,0.7700260050967177,0.7825235722912245,0.5087704535316926,0.7799518531863932,0.8526876916063394,0.9240080869113942,0.7067334763526869,0.7125722825685067,0.8403092601933037,0.8168696039710872,0.8293832713118227,0.8678108473545134,0.23604235985380548,0.5931957787657742,0.3585694182599062,0.8655785499248224,0.6921337986365383,-0.8835599468850933,-0.43427402249028035,-0.8360272278333991,0.692968768698531,0.7855417764142217,0.5557423994304269,0.9923729817677457,0.8986393443316336,0.9240080869113942
C7_Library_Quiet,0.864092214200208,0.9930057492363806,0.7721618740015105,0.8170427988413581,-0.6853653707233077,-0.829369549772252,1.0,0.537912064748894,0.23780309022199406,0.6357314890444056,-0.550355606825172,-0.33650984023704,0.07884370124064755,0.315571155124022,-0.5558410382486841,0.4842581646386304,-0.8968918856781667,0.4874113530696883,-0.8942109010692373,0.990236466952204,-0.8985512725833875,-0.20995253839704953,0.06385255681681432,-0.2657600241576473,-0.5653057971987214,-0.5653057971987214,-0.08383983794879483,0.9958949198867083,-0.4986939132397975,-0.6062769411644402,-0.8374844933684835,0.2844192560259144,-0.267714535671852,-0.5992173507544595,-0.900669804056622,-0.5780131560475591,-0.8986589518126822,-0.34283687665239576,-0.4745851509253816,-0.6480062537770533,-0.4691624373497737,-0.6066245170074577,-0.5653057971987214,-0.8102255590454576,-0.7982650352234537,-0.6425638381410907,-0.7696969060629313,-0.5539991539864526,-0.8723352829345216,0.15930852404245474,-0.7813068838218299,-0.633363237943954,-0.8402805649953502,-0.9092163933350367,0.9914177806507571,-0.14257630332980115,0.8861393731824595,-0.7828021704067458,-0.8726161962963954,-0.6455629576196323,-0.7597712591061614,-0.8018030689705398,-0.5653057971987214
C8_EmergencyDrill_Evacuation,0.8678918969369978,0.631654767809528,-0.10375439971848975,0.8986899937767924,-0.694645364009212,-0.7815411909011045,0.537912064748894,1.0,0.9190430276913412,0.9663679652526613,-0.9521667612316104,-0.9294037057158242,0.698488523777323,0.5956562810934531,-0.8933081474488891,0.9703162164596634,-0.835234459538629,-0.4730984058136836,-0.8326435091781441,0.44157641104094764,-0.8368453176017141,-0.9330899753188827,0.30752854884848885,-0.9518379635018115,-0.869719565024753,-0.869719565024753,0.7871495339577493,0.6066951262262958,-0.9842081216875623,-0.9644442485087065,-0.7621461489396172,0.7254322308027876,-0.956042013677958,-0.9894939244019567,-0.8389137821142955,-0.9818578007655482,-0.8369500908539972,-0.9170027353831927,-0.9919993033540457,-0.7674846033032569,-0.9913202707161027,-0.9921795653736765,-0.869719565024753,-0.12826832729994542,-0.13126726726131346,-0.3603287536544741,-0.27874566752898344,-0.396808773950389,-0.37866440222012104,-0.7449563424038886,0.003392238386511726,0.2610090746520357,-0.36674754079974314,-0.18503242881531892,0.6412266330600284,0.5411629205877715,0.33280409958728335,-0.1027367107864807,-0.25429226957450646,0.08235016848413876,-0.8267461584615868,-0.42973702179748435,-0.869719565024753
D1_ShelterHotspots_Clusters,0.6935896130236088,0.3506209936508411,-0.43353399906361506,0.658143154658532,-0.6804272629556092,-0.6688625239431775,0.23780309022199406,0.9190430276913412,1.0,0.9007192594455058,-0.9369940773671842,-0.9918225713320146,0.905156996726082,0.750363460450916,-0.6834706838911186,0.9648978289818355,-0.6418399622633807,-0.6924306999942551,-0.6447944726637668,0.1561437989628096,-0.6396392209179552,-0.9386867071114934,0.5557152485127953,-0.9870142338500179,-0.8842980301496889,-0.8842980301496889,0.9404566647905093,0.32417034032808917,-0.9590086578255959,-0.9156577914688875,-0.646897045272006,0.8744064809501245,-0.9729402053946121,-0.9154720060317658,-0.6362149488100932,-0.9294932802066436,-0.6394838460086721,-0.9864263230705034,-0.9593103353293919,-0.4758820920486691,-0.9610673673274862,-0.908069133345993,-0.8842980301496889,0.03482037487964177,0.01994355527044845,-0.3610214591798608,-0.1872012182538734,-0.4481816054706129,-0.22607517976638253,-0.8715790462586359,0.1931439241919005,0.4443373913679784,-0.23832775044825874,0.07017770256003862,0.36253577572337187,0.8205316920538788,0.15849060202657378,0.04435934401402882,-0.07236399769000013,0.18226962880498077,-0.7513951249827959,-0.3386092234994344,-0.8842980301496889
D2_PartitionedCity_MuleBridge,0.9376571117544009,0.7221050793695349,0.0007159359160829671,0.8818030244403872,-0.8562196252556312,-0.9071981976790652,0.6357314890444056,0.9663679652526613,0.9007192594455058,1.0,-0.9920445572733971,-0.9397383968755739,0.761956549551031,0.7493882563802713,-0.7798261074851038,0.9831861504144599,-0.9112306465738601,-0.3273225931695764,-0.9127431304536884,0.568636234796504,-0.9099710594293846,-0.8330290345767499,0.48574175376089873,-0.8999075626351235,-0.9606393056647895,-0.9606393056647895,0.7073538896524525,0.7027096804288512,-0.9837405755968298,-0.9990986865211843,-0.8936980024847563,0.8308495004813817,-0.8882604990695915,-0.9933887755238673,-0.9078286634662759,-0.9961200986108778,-0.9098783990117323,-0.9391523804549187,-0.9718383821623403,-0.654595596289207,-0.9708390372403994,-0.9902597278748867,-0.9606393056647895,-0.3445409880760115,-0.3514897282514452,-0.5878750799767003,-0.5047395493779049,-0.6181283079689213,-0.5786401091681418,-0.6153256586917379,-0.2048867316160521,0.06105077943874728,-0.5750418054314642,-0.3560636880261946,0.7308511539130145,0.5967888499713,0.5305782975474893,-0.32542959978134217,-0.45626076026256535,-0.15655113038901783,-0.9417095219465742,-0.6382250526666279,-0.9606393056647895
D3_Aftershock_ErraticMobility,-0.8952222424765282,-0.6436902313250235,0.10168739342913866,-0.8165001784355724,0.8646365317220088,0.8846571866041311,-0.550355606825172,-0.9521667612316104,-0.9369940773671842,-0.9920445572733971,1.0,0.9710751364226834,-0.8373940325279665,-0.8096409845174949,0.7215106625044224,-0.9937040749981456,0.8625460423294138,0.3982989914895464,0.8658869442959399,-0.48750448917270595,0.8600262744258602,0.8434905266537507,-0.5726077048161943,0.9212347501583111,0.9783552355403833,0.9783552355403833,-0.7631527048819541,-0.6236706885450811,0.9878286831488455,0.9964640635096338,0.8702696185904475,-0.8895680025759323,0.903444763517252,0.9822669727253931,0.8560627650590575,0.9920154295548114,0.85984749984163,0.9728674587598336,0.973124444737512,0.5689764123061666,0.9728761428861284,0.9758316990093859,0.9783552355403833,0.30057688075223304,0.3114148364355041,0.5986970934317583,0.4854391258846115,0.645206380382356,0.5406075059971767,0.6608382379712106,0.1506869822568629,-0.1166048177673018,0.5447102003399746,0.28251776455906114,-0.6532696857988848,-0.6930091687146771,-0.48507497860030485,0.2863701089843759,0.4075097928625221,0.13054188490680022,0.9311998393341557,0.6204275459680606,0.9783552355403833
D4_MedicalTriage_TwoClasses,-0.7646359053481003,-0.4442802699007679,0.33606566410810434,-0.69915984881562,0.7677044245974487,0.7554929494848136,-0.33650984023704,-0.9294037057158242,-0.9918225713320146,-0.9397383968755739,0.9710751364226834,1.0,-0.9130923964259224,-0.8069665194329847,0.6745930824303248,-0.9851223325895785,0.7182468834538817,0.5975124701934669,0.7222422377379045,-0.2649637717208233,0.7153050098093199,0.9039301143075494,-0.6055988286257757,0.9705273592905925,0.9365878844455399,0.9365878844455399,-0.8907390095218418,-0.4203129343936783,0.9761921861070857,0.9525687364186709,0.7364059623576737,-0.9110827419174207,0.9518754328955588,0.9421789658852379,0.7107744608294873,0.9576541940060478,0.7150982690101925,0.998892915708373,0.9685315121935147,0.4779576845586105,0.9697596438857043,0.9336261590694048,0.9365878844455399,0.09281346079162796,0.10777517157008758,0.472265525890551,0.31059537860120295,0.5493247918114998,0.3479505108154228,0.8020319252610489,-0.0670160382460371,-0.3266282529823621,0.36025880389186,0.05107241194516601,-0.4555853872336208,-0.8115949629838765,-0.28200176011459244,0.08349613522508174,0.19790884468236872,-0.05655114586735316,0.827983625654202,0.455838990987338,0.9365878844455399
D5_UAVMule_FastRoute_HelsinkiMedium,0.5381893359354395,0.18306984695017672,-0.5160176405613768,0.3705933150461069,-0.7393825334188002,-0.619387538395147,0.07884370124064755,0.698488523777323,0.905156996726082,0.761956549551031,-0.8373940325279665,-0.9130923964259224,1.0,0.9184600335853846,-0.3180987228106878,0.8415604903457606,-0.4855013843702119,-0.61499743750108,-0.49634443186530464,0.0488539670333088,-0.47785145515878336,-0.7133605443810852,0.8452437205420797,-0.8257555366289158,-0.8656751958691479,-0.8656751958691479,0.8460447952971477,0.16473577672670034,-0.8082052394996616,-0.7885187374027952,-0.6044479929173756,0.9725010536001645,-0.7839301043965053,-0.7384342276846084,-0.4665342655586561,-0.7772196423278918,-0.47732333944600536,-0.9255966575897919,-0.7829995117493358,-0.07826619254048155,-0.7860189940547588,-0.718621875360397,-0.8656751958691479,-0.06570640406560661,-0.09142981444730039,-0.5414344947322826,-0.3207290571192118,-0.6483631558111244,-0.28228642176584134,-0.7163683799766924,0.0989627321903247,0.3193000008558856,-0.319363298769842,0.0794672320610582,0.19427548963661428,0.9735669028931343,0.20546053404372397,-0.07593530834801424,-0.12965815939556607,-0.00863086989965901,-0.7078106713088699,-0.4340508486462384,-0.8656751958691479
D6_ShortTtlCritical_5to10min,0.6405242525232996,0.39083172855612025,-0.19334768178790812,0.3812112602146529,-0.9072703488518705,-0.7777844302236339,0.315571155124022,0.5956562810934531,0.750363460450916,0.7493882563802713,-0.8096409845174949,-0.8069665194329847,0.9184600335853846,1.0,-0.1777943727836214,0.7691340644716034,-0.6093360408428772,-0.2541180690539334,-0.62342191522032,0.3286470411433369,-0.5994031254175168,-0.47995838599804574,0.9420151129061147,-0.6434737710120572,-0.902783253294339,-0.902783253294339,0.5810397924033097,0.38348078333625857,-0.7255947323819443,-0.7691082644153147,-0.7743006573612342,0.9764109714658014,-0.5881012431643766,-0.6859730086004946,-0.5847155864874615,-0.7292168091548745,-0.5987175473788189,-0.8337828073193793,-0.675669532852453,0.008053077513218513,-0.6770800549736911,-0.6627801657764978,-0.902783253294339,-0.43980964291315133,-0.46484262126415066,-0.8268692403268955,-0.658133407008211,-0.8960758465356954,-0.6041003686325948,-0.39864274731792615,-0.289927728581545,-0.07941139951723444,-0.6419006442724794,-0.2717287015808648,0.3987780461137783,0.8596028423714884,0.5394907527780178,-0.4535031988919728,-0.48096484969886494,-0.4031256280724568,-0.8280613456693997,-0.732081433857662,-0.902783253294339
D7_HighLoad_TrafficStorm,-0.7481559291109696,-0.623060018532814,-0.06411557879430646,-0.92142711567525,0.38177629863132245,0.5687391447379112,-0.5558410382486841,-0.8933081474488891,-0.6834706838911186,-0.7798261074851038,0.7215106625044224,0.6745930824303248,-0.3180987228106878,-0.1777943727836214,1.0,-0.7581087701865205,0.7305685249275868,0.36194440754904916,0.7195515449627018,-0.4354453489356881,0.738061854292456,0.8452734151805218,0.15180223694698092,0.7831508284132987,0.5759141301621247,0.5759141301621247,-0.5897866641665274,-0.598309741806309,0.7996446846031715,0.7637590762489256,0.5488850205466077,-0.338728058468979,0.8186137518343723,0.8378092029356005,0.7487425940922803,0.8030309670920387,0.7385708825599555,0.6460877784166532,0.833634176926946,0.9647615714686646,0.8315151367906589,0.8544138949970197,0.5759141301621247,-0.008911119985820838,-0.020368228741318384,0.032026784973589545,0.04251827668946854,0.027516439438921365,0.1990451323838164,0.6329406797045973,-0.08305356805187211,-0.2828489325031076,0.16115569028973348,0.15951187448301382,-0.6296907849311195,-0.14445718151957027,-0.1824624792853617,-0.048967777418660485,0.12171175577782481,-0.25099236117941004,0.5867131179746252,0.1811472628600138,0.5759141301621247
D8_InfrastructureReturns_BackboneLinks,0.858424809563556,0.5838945476206231,-0.1818387688437296,0.8093953655077477,-0.8041499345112899,-0.8298739218490101,0.4842581646386304,0.9703162164596634,0.9648978289818355,0.9831861504144599,-0.9937040749981456,-0.9851223325895785,0.8415604903457606,0.7691340644716034,-0.7581087701865205,1.0,-0.8206947114033117,-0.48871147219623484,-0.8228710060381365,0.40948525957615134,-0.8189942416625423,-0.8978456568131279,0.5281199398764921,-0.9587841877650863,-0.9527713713860793,-0.9527713713860793,0.8228530080648575,0.5610675643792106,-0.9977925528977437,-0.988943598099317,-0.8124959750557955,0.8703548294780813,-0.9457534385694445,-0.9852825156251412,-0.8162393848474069,-0.9928869658292925,-0.8188719580149003,-0.9825470186558205,-0.9906501534351432,-0.5950501909371918,-0.9907863431841353,-0.980248154399824,-0.9527713713860793,-0.194177717996109,-0.20465877542879785,-0.5079003790391774,-0.3844649118423441,-0.5628652679553108,-0.44532403577188323,-0.7380701146252069,-0.04314339864675822,0.22323400928821516,-0.4483546588798959,-0.18602453741795202,0.5941901956471681,0.7061970362531717,0.3878274442202713,-0.17865433279718032,-0.30670178098264544,-0.018699410531685407,-0.8854375214740037,-0.528748171389606,-0.9527713713860793
R1_Rural_RandomWaypoint,-0.9975813250086767,-0.9424113334650891,-0.41242825567426444,-0.9337213525811456,0.8647694459262715,0.9664559035577932,-0.8968918856781667,-0.835234459538629,-0.6418399622633807,-0.9112306465738601,0.8625460423294138,0.7182468834538817,-0.4855013843702119,-0.6093360408428772,0.7305685249275868,-0.8206947114033117,1.0,-0.07797079962617243,0.9998063792270586,-0.8555149847452203,0.9999064013428791,0.5815926746629744,-0.32787135427324376,0.6532316608499082,0.85643372754133,0.85643372754133,-0.3573111336444636,-0.9331985753413159,0.8274663668720142,0.8954042068140343,0.9633981494632131,-0.6360527642431406,0.6462443396996902,0.885909047105927,0.9994343258816382,0.8772513844186771,0.9998931184507834,0.7221815003522606,0.8063991412542109,0.7066054309619604,0.8029635397192143,0.8875006192789601,0.85643372754133,0.6396066424564855,0.6376845925671377,0.6931544238644322,0.7115465035614091,0.6638030193028637,0.805637926812254,0.2607656518716695,0.5433599580404851,0.3121168146454553,0.7874953149342833,0.6942717695943604,-0.9465543781886343,-0.2739776942720363,-0.7849729488521715,0.6147886023004657,0.7354209016359273,0.4470797336283743,0.9491034392278349,0.8038181277150209,0.85643372754133
R2_VillagesTrails_ThreeClusters,0.01051769992074755,0.38408333071383877,0.9070740998863972,-0.08457758373686132,-0.02192697483984875,-0.07319139005190664,0.4874113530696883,-0.4730984058136836,-0.6924306999942551,-0.3273225931695764,0.3982989914895464,0.5975124701934669,-0.61499743750108,-0.2541180690539334,0.36194440754904916,-0.48871147219623484,-0.07797079962617243,1.0,-0.0786453426999429,0.5804832551438566,-0.07748399788162379,0.7501979981439647,-0.21305643966506885,0.7035879636438644,0.2901475142205015,0.2901475142205015,-0.8964428090770894,0.41331136886196457,0.49064130023815805,0.3550328050890944,-0.1021463042018088,-0.4260683849884778,0.7088343098338135,0.3933036328764046,-0.07674803200471737,0.40512005155675224,-0.07745006830454841,0.5763363348258789,0.5266500219447166,0.14111437508856836,0.5315182409289801,0.38960553927852226,0.2901475142205015,-0.7318324379582472,-0.717418089218406,-0.32922064800873335,-0.5403170656826167,-0.2013892622382697,-0.5383410571790906,0.9395725777316547,-0.8342547945705572,-0.9434535735006089,-0.5194763593784638,-0.7662228188929603,0.3726334828770879,-0.6816527331425504,0.5983228826653697,-0.7310817370304062,-0.6648514606765737,-0.7823357050425349,0.04508641591285289,-0.41678151225809273,0.2901475142205015
R3_WildlifeTracking,-0.997670159101965,-0.9400522519885585,-0.4081488532132817,-0.9271125673423057,0.8744048951754403,0.9713177959088075,-0.8942109010692373,-0.8326435091781441,-0.6447944726637668,-0.9127431304536884,0.8658869442959399,0.7222422377379045,-0.49634443186530464,-0.62342191522032,0.7195515449627018,-0.8228710060381365,0.9998063792270586,-0.0786453426999429,1.0,-0.8547202801941342,0.9994435772830893,0.5778195437580762,-0.34561444463508273,0.6530232729308567,0.8633347788566937,0.8633347788566937,-0.3588226879382285,-0.931059284701786,0.8283406960003542,0.8974736670225455,0.9684751181377961,-0.6475258911297773,0.6446242724681206,0.8855733081334756,0.9985790452441141,0.878120712459436,0.9994118284078989,0.727015696113981,0.8059787439774755,0.6929661880720005,0.8025971730445881,0.88654783485626,0.8633347788566937,0.6468525162316643,0.6455078859911784,0.7063052591973806,0.7217183309843561,0.6781869703469511,0.8127211267123332,0.2586657823872419,0.5491478575044202,0.3172059664950222,0.7957386865649085,0.6963696893151894,-0.9442359386115823,-0.28629749096931106,-0.7912087062469781,0.6228229245112874,0.7415280831240323,0.4571052136331459,0.9545681907945893,0.8132924444608819,0.8633347788566937
R4_ParkRangers_HelsinkiMedium,0.8178377875167292,0.9729001996472089,0.8173504783354296,0.7335624314182068,-0.6912408808416757,-0.8128279536410039,0.990236466952204,0.44157641104094764,0.1561437989628096,0.568636234796504,-0.48750448917270595,-0.2649637717208233,0.0488539670333088,0.3286470411433369,-0.4354453489356881,0.40948525957615134,-0.8555149847452203,0.5804832551438566,-0.8547202801941342,1.0,-0.8558722919160756,-0.09424938159629802,0.11134983263940473,-0.16769655531610106,-0.5295496596428025,-0.5295496596428025,-0.17776892728352234,0.9799958156252193,-0.41731831264472496,-0.5399519474497361,-0.8248076547016439,0.2678796379576509,-0.16288119368891477,-0.5184962498443609,-0.8561061652049101,-0.5022438094724148,-0.8558909325686177,-0.2770149145714615,-0.38477960592909083,-0.5371502956553612,-0.3793182520287053,-0.5232833766185894,-0.5295496596428025,-0.8821377913058498,-0.8716240456755809,-0.7018779540884207,-0.8339449605607281,-0.6085216687726897,-0.917436113284169,0.2695802696851183,-0.8605781730785096,-0.7306332881044588,-0.8899159816549981,-0.9576240328431608,0.9702325539715582,-0.16178555605988293,0.9338744242996051,-0.8595228414207757,-0.9283456735228498,-0.7444212372262419,-0.7358072615854717,-0.8468085286097047,-0.5295496596428025
R5_MountainRescue,-0.9972918886250532,-0.9438365138712342,-0.4153095814755713,-0.9381033180163852,0.8578725974095641,0.9628548826546312,-0.8985512725833875,-0.8368453176017141,-0.6396392209179552,-0.9099710594293846,0.8600262744258602,0.7153050098093199,-0.47785145515878336,-0.5994031254175168,0.738061854292456,-0.8189942416625423,0.9999064013428791,-0.07748399788162379,0.9994435772830893,-0.8558722919160756,1.0,0.5840833847969364,-0.315459827959567,0.6532274700303702,0.8514399972095583,0.8514399972095583,-0.35617860967519677,-0.9344730386281166,0.826669603021164,0.8937609682363921,0.9596482847130053,-0.6279303841911409,0.6472232784407875,0.8859403007667163,0.9998009057428809,0.876446735747796,0.9999995594624698,0.7186554856645415,0.806507403431557,0.7159274780123134,0.8030350187193774,0.8879605389049549,0.8514399972095583,0.6344226432643016,0.6320995544910694,0.6838525080602614,0.7043116823839212,0.6536504217965016,0.8005291420479699,0.2621661700414625,0.5392116481193345,0.30850711596906866,0.7815840080240013,0.6926546461597934,-0.9479503549114062,-0.26534926177602586,-0.780458103633683,0.6090620621430238,0.731006763610499,0.4400070244564635,0.9450872129793074,0.7970472244298065,0.8514399972095583
R6_SparseLongRange,-0.6313834872017025,-0.318717634945536,0.42179207874186514,-0.7198056337464533,0.4603120688172413,0.5232192926799029,-0.20995253839704953,-0.9330899753188827,-0.9386867071114934,-0.8330290345767499,0.8434905266537507,0.9039301143075494,-0.7133605443810852,-0.47995838599804574,0.8452734151805218,-0.8978456568131279,0.5815926746629744,0.7501979981439647,0.5778195437580762,-0.09424938159629802,0.5840833847969364,1.0,-0.2372210537611844,0.9802920640945006,0.7249871554558881,0.7249871554558881,-0.929770649235083,-0.2878048172320525,0.9141923112997143,0.8404163036137242,0.4965130340548446,-0.6547842024231548,0.9913232842012103,0.8840724294804869,0.5875198716658245,0.8782198005749765,0.58425025629002,0.8828819991614955,0.9396949963652229,0.6754435749030783,0.940924429513907,0.8871147188758821,0.7249871554558881,-0.22929418259908094,-0.2237124829273251,0.07762909241431615,-0.05440414582611162,0.15047805592400748,0.03240070860238492,0.9310973511636121,-0.36077500805439905,-0.5904137829040006,0.02642172919944169,-0.18015364463650568,-0.3301515580076062,-0.6186698650448925,0.021730211094043855,-0.25096853806571595,-0.10538880496914425,-0.41538280230299784,0.6012442334985988,0.10863207658946263,0.7249871554558881
R7_SparseTinyBuffer,0.3585008500892521,0.12325176195745638,-0.29820288125189737,0.050273514419758775,-0.7514895351207467,-0.552103519352909,0.06385255681681432,0.30752854884848885,0.5557152485127953,0.48574175376089873,-0.5726077048161943,-0.6055988286257757,0.8452437205420797,0.9420151129061147,0.15180223694698092,0.5281199398764921,-0.32787135427324376,-0.21305643966506885,-0.34561444463508273,0.11134983263940473,-0.315459827959567,-0.2372210537611844,1.0,-0.4158449463411307,-0.7064158334915112,-0.7064158334915112,0.4423244897799516,0.12220735050132893,-0.47056470714160636,-0.5135046041099,-0.5531185155311064,0.8769877794339221,-0.34916707195305635,-0.40875063041447585,-0.29725272077951165,-0.4648708108349391,-0.3146061489454753,-0.6402241642784238,-0.41265727220140874,0.3423845797909237,-0.4152636575745484,-0.37963778354678396,-0.7064158334915112,-0.36648274183713403,-0.3965540421377439,-0.7697188497785786,-0.5803758631094776,-0.8513259039425657,-0.4710718346821619,-0.251664365591563,-0.23636842060937288,-0.09134932457449867,-0.5236284550627774,-0.13745427721846887,0.12974222169748145,0.8562768114333679,0.4079541916580234,-0.394441015373661,-0.36611675748825134,-0.4129604931409355,-0.6061160835871356,-0.614645377029822,-0.7064158334915112
R8_IntermittentPower,-0.7030899374973738,-0.37709146224057155,0.4002585954605496,-0.7221938705552433,0.6106657863360453,0.6387297754738309,-0.2657600241576473,-0.9518379635018115,-0.9870142338500179,-0.8999075626351235,0.9212347501583111,0.9705273592905925,-0.8257555366289158,-0.6434737710120572,0.7831508284132987,-0.9587841877650863,0.6532316608499082,0.7035879636438644,0.6530232729308567,-0.16769655531610106,0.6532274700303702,0.9802920640945006,-0.4158449463411307,1.0,0.838756607398994,0.838756607398994,-0.9376159341462811,-0.34856525661765225,0.9635901302744752,0.9103217979344042,0.6147924429102132,-0.7902012173728759,0.9973948797729123,0.929891019903757,0.6530021345403695,0.9340764210489548,0.6532227000415337,0.9581971491696141,0.9744609503102752,0.5952626932772296,0.9757735783067051,0.927510418917282,0.838756607398994,-0.09201499662336138,-0.08177159247181359,0.25884810231459326,0.1081361762111715,0.33648007317884254,0.17317016592174708,0.8974589542633203,-0.2401090865515311,-0.48869842301661026,0.17590051591397773,-0.08506782943359457,-0.3887917069565498,-0.7273411768071749,-0.11189249982997017,-0.10823208898996346,0.025872722532547986,-0.264434579610954,0.7169336916884936,0.26698028033589466,0.838756607398994
S01A_Urban_WorkingDay_HelsinkiMedium,-0.8847337355516638,-0.6503283909717096,0.051884068779760324,-0.7366732287298946,0.9429660211342705,0.9240080869113942,-0.5653057971987214,-0.869719565024753,-0.8842980301496889,-0.9606393056647895,0.9783552355403833,0.9365878844455399,-0.8656751958691479,-0.902783253294339,0.5759141301621247,-0.9527713713860793,0.85643372754133,0.2901475142205015,0.8633347788566937,-0.5295496596428025,0.8514399972095583,0.7249871554558881,-0.7064158334915112,0.838756607398994,1.0,1.0,-0.6799656135999672,-0.6354146915317098,0.9348851370092359,0.9674169748446976,0.9145794136193977,-0.9411253407009664,0.8077963887459579,0.9277282885122042,0.8438712890360147,0.947221680432483,0.8510915510558396,0.9480696633147254,0.9050689697519017,0.4228107722818553,0.9048483489495595,0.9160960382489994,1.0,0.43332411504597534,0.4479019725682012,0.7424855976900029,0.6239167084274405,0.7872946875394916,0.6498923940445945,0.5418729382320507,0.2820484288968273,0.022582445091756494,0.6627269764739085,0.37175831180722724,-0.6590427420527628,-0.730347878661172,-0.5931631318796645,0.4264500764167304,0.5219095690617334,0.2959193777564842,0.964008847364951,0.7387482249409031,1.0
S01A_Urban_WorkingDay,-0.8847337355516638,-0.6503283909717096,0.051884068779760324,-0.7366732287298946,0.9429660211342705,0.9240080869113942,-0.5653057971987214,-0.869719565024753,-0.8842980301496889,-0.9606393056647895,0.9783552355403833,0.9365878844455399,-0.8656751958691479,-0.902783253294339,0.5759141301621247,-0.9527713713860793,0.85643372754133,0.2901475142205015,0.8633347788566937,-0.5295496596428025,0.8514399972095583,0.7249871554558881,-0.7064158334915112,0.838756607398994,1.0,1.0,-0.6799656135999672,-0.6354146915317098,0.9348851370092359,0.9674169748446976,0.9145794136193977,-0.9411253407009664,0.8077963887459579,0.9277282885122042,0.8438712890360147,0.947221680432483,0.8510915510558396,0.9480696633147254,0.9050689697519017,0.4228107722818553,0.9048483489495595,0.9160960382489994,1.0,0.43332411504597534,0.4479019725682012,0.7424855976900029,0.6239167084274405,0.7872946875394916,0.6498923940445945,0.5418729382320507,0.2820484288968273,0.022582445091756494,0.6627269764739085,0.37175831180722724,-0.6590427420527628,-0.730347878661172,-0.5931631318796645,0.4264500764167304,0.5219095690617334,0.2959193777564842,0.964008847364951,0.7387482249409031,1.0
S1_StrongCommunities_SeparateClusters,0.42088839713823656,0.034142250467333386,-0.6938872496655939,0.4436791489004882,-0.40781200956161334,-0.37635742814041134,-0.08383983794879483,0.7871495339577493,0.9404566647905093,0.7073538896524525,-0.7631527048819541,-0.8907390095218418,0.8460447952971477,0.5810397924033097,-0.5897866641665274,0.8228530080648575,-0.3573111336444636,-0.8964428090770894,-0.3588226879382285,-0.17776892728352234,-0.35617860967519677,-0.929770649235083,0.4423244897799516,-0.9376159341462811,-0.6799656135999672,-0.6799656135999672,1.0,0.004134868555424515,-0.8200946774202225,-0.7296089037042167,-0.34923234773842005,0.7381405350679036,-0.9313911668572611,-0.747437003004865,-0.3544073784567753,-0.7616634509358642,-0.3560984667910458,-0.8774783525118535,-0.8372003396608768,-0.3581428814825046,-0.8405758491734721,-0.7411240912616616,-0.6799656135999673,0.3660295506081581,0.35007846751615207,-0.06700820000627301,0.13932933639688946,-0.18082313636513167,0.11465433173819847,-0.9778953481549927,0.5115693216649494,0.717291877689006,0.09819348133755611,0.4041536432091923,0.0468559423003575,0.8255639362700533,-0.18445487749762737,0.3715007513295203,0.26869658195786295,0.48025155316013446,-0.4828029675103752,-0.01182961631282907,-0.6799656135999673
S2_WeakCommunities_HighMixing,0.9060291544197567,0.999456134634591,0.7119324532743858,0.8532867123868263,-0.7355955492764278,-0.872489139139535,0.9958949198867083,0.6066951262262958,0.32417034032808917,0.7027096804288512,-0.6236706885450811,-0.4203129343936783,0.16473577672670034,0.38348078333625857,-0.598309741806309,0.5610675643792106,-0.9331985753413159,0.41331136886196457,-0.931059284701786,0.9799958156252193,-0.9344730386281166,-0.2878048172320525,0.12220735050132893,-0.34856525661765225,-0.6354146915317098,-0.6354146915317098,0.004134868555424515,1.0,-0.5739170414746169,-0.6756208243380183,-0.8785358599974618,0.3628975194349283,-0.34843508075816193,-0.6674143739271986,-0.936018133797727,-0.6486438314374267,-0.9345540630076365,-0.426452161515977,-0.5497183638773397,-0.66803729469257,-0.5446150435615643,-0.6736386176451061,-0.63541469153171,-0.7914001411832915,-0.7813877548222294,-0.6668176162748368,-0.7735312341941283,-0.5889511143407601,-0.8755362131933224,0.07769677717790899,-0.7480608565623936,-0.5805787847086399,-0.8459931422830606,-0.8820126803151749,0.9990070674683027,-0.058191681597097554,0.8824304625461388,-0.7642028132555548,-0.8613685961554518,-0.6188754187456574,-0.8123706711174311,-0.818189232615529,-0.63541469153171
S3_PeriodicMeetings_RegularRhythm,-0.8642425104365039,-0.5975429222465432,0.16506483656100718,-0.837331210162778,0.7770860080104266,0.8194598946231627,-0.4986939132397975,-0.9842081216875623,-0.9590086578255959,-0.9837405755968298,0.9878286831488455,0.9761921861070857,-0.8082052394996616,-0.7255947323819443,0.7996446846031715,-0.9977925528977437,0.8274663668720142,0.49064130023815805,0.8283406960003542,-0.41731831264472496,0.826669603021164,0.9141923112997143,-0.47056470714160636,0.9635901302744752,0.9348851370092359,0.9348851370092359,-0.8200946774202225,-0.5739170414746169,1.0,0.9875341180658945,0.8013366694607027,-0.8357796021546632,0.9552588825861137,0.991898930902675,0.8252301545853736,0.9954043436337164,0.8266092670169282,0.97082045379201,0.9970823096087522,0.6452154908582824,0.9970166434515368,0.9889463601970204,0.9348851370092361,0.1736581852531861,0.18219004711444176,0.4679326953491664,0.3545859870706396,0.5185939415812881,0.42639660309736543,0.7468560571937789,0.026916169209355034,-0.23854787374557368,0.4254218221214871,0.18312649091798636,-0.6077290967623099,-0.6665939568921593,-0.37161117360091955,0.15533444082806597,0.2906040360648204,-0.012344213284328878,0.8729090048961875,0.5017954988181341,0.9348851370092361
S4_RandomMixing_NoHotspots,-0.9241471079958646,-0.6953762720941112,0.03623041260416504,-0.8618672092104124,0.8582986232659646,0.8994341262585306,-0.6062769411644402,-0.9644442485087065,-0.9156577914688875,-0.9990986865211843,0.9964640635096338,0.9525687364186709,-0.7885187374027952,-0.7691082644153147,0.7637590762489256,-0.988943598099317,0.8954042068140343,0.3550328050890944,0.8974736670225455,-0.5399519474497361,0.8937609682363921,0.8404163036137242,-0.5135046041099,0.9103217979344042,0.9674169748446976,0.9674169748446976,-0.7296089037042167,-0.6756208243380183,0.9875341180658945,1.0,0.8854920900422574,-0.8511025713255813,0.8968243586027614,0.9919166687505041,0.8910644868329212,0.996874034343354,0.893642097980122,0.9525855582996196,0.9749940863103171,0.6288595430600471,0.9742553539049831,0.9877508999111189,0.9674169748446978,0.32645768394321967,0.3346853936918838,0.588951642147975,0.4953216190801499,0.6249589080398104,0.5634470316415409,0.6347216662655758,0.1831004409665498,-0.08379737133827014,0.5623302595973009,0.3286793744561761,-0.7044438027432756,-0.630211161722492,-0.5127483237697119,0.3088659588673471,0.43706315675617996,0.14376052332843053,0.9383419453039439,0.6299576802113683,0.9674169748446978
