,U1_CBD_Commuting_HelsinkiMedium,U2_SparseSuburb_HelsinkiMedium,U3_MicroMobility_HelsinkiMedium,U4_CongestionHotspot_HelsinkiMedium,U5_WorkdayShort_HelsinkiMedium,U6_OfficeWaitHeavyTail_HelsinkiMedium,U7_HighTimeVariance_HelsinkiMedium,C1_Campus_ClassChange,C2_ExamDay_LongStays,C3_Hackathon_24h,C4_Stadium_IngressEgress,C5_Library_Quiet,C6_EmergencyDrill_Evacuation,V1_TaxiLow_HelsinkiMedium,V2_TaxiHigh_HelsinkiMedium,V3_BusOnlyCarriers_HelsinkiMedium,V4_CarOwnership_0_HelsinkiMedium,V5_CarOwnership_100_HelsinkiMedium,R10_TinyRange_5m,R11_SpeedExtremeLow,R12_SpeedExtremeHigh,R1_Rural_RandomWaypoint,R2_VillagesTrails_ThreeClusters,R3_WildlifeTracking,R4_ParkRangers_HelsinkiMedium,R5_MountainRescue,R6_SparseLongRange,R7_SparseTinyBuffer,R8_IntermittentPower,R9_ExtremeRange_200m,D1_ShelterHotspots_Clusters,D2_PartitionedCity_MuleBridge,D3_Aftershock_ErraticMobility,D4_MedicalTriage_TwoClasses,D5_UAVMule_FastRoute_HelsinkiMedium,D6_ShortTtlCritical_5to10min,D7_HighLoad_TrafficStorm,D8_InfrastructureReturns_BackboneLinks,D9_Critical_1minTTL,S1_StrongCommunities_SeparateClusters,S2_WeakCommunities_HighMixing,S3_PeriodicMeetings_RegularRhythm,S4_RandomMixing_NoHotspots,S5_TwoLayer_StudentsStaff,S6_FamilyGroups_SmallPersistent,T10_HighRateLowSpeed_Congestion,T11_TTL_1min,T12_TTL_Infinite_Buffer200M,T13_Buffer_256k,T14_Buffer_200M,T15_TransmitSpeed_256k,T1_ManySmallMsgs_HighRate,T2_FewHugeMsgs_LowRate,T3_MixedBimodal_SmallAndLarge,T4_VeryShortTtl_5to10min,T5_VeryLongTtl_6to24h,T6_UniformSources_RandomFromTo,T7_TargetedToHubs_FewDestinations,T8_BurstTraffic_TimeWindows,T9_BufferStress_SmallBufferHighTraffic
U1_CBD_Commuting_HelsinkiMedium,1.0,0.5898156714005552,0.6624093456753027,0.8136785758232805,0.6550801344507922,0.5165798058400912,0.5211500063215458,-0.1925916677020567,-0.43859183584772354,-0.26312350708438426,-0.12359110886471569,-0.41259284047397105,-0.012537242134897526,0.1187798007524745,0.266892813089603,0.5194322564537487,0.6962414906233055,0.6179511488169687,-0.4523739833665567,-0.3390956633114042,0.22866291914052714,-0.10919802696274182,-0.0655138488967798,-0.34494180893815696,-0.06869455412176295,-0.2544736763561543,-0.2589304850017092,-0.29507703890574005,-0.14509671866071294,-0.18257124252880202,-0.07174413891180445,-0.19747679159018408,-0.3434234090536773,-0.1393362292221804,0.09263615660219669,-0.164554481458029,0.0062541370479870925,-0.10829217690254123,-0.30190955637236505,0.04557096409579666,0.01845825022810696,-0.32759870960717663,-0.2884606686298846,-0.06991010396288268,-0.05500540979920735,-0.33005502423899735,-0.29552911969442824,-0.16839316677684155,-0.2899531753943991,-0.18419210139507533,-0.37208371680064634,-0.2404599024605323,-0.12928151426124634,-0.2204806596566981,-0.3761877100967037,-0.4716885634618718,-0.26449567936297913,-0.14589229018014602,-0.20071973904587478,-0.29444684571207314
U2_SparseSuburb_HelsinkiMedium,0.5898156714005552,1.0,0.3820608386352659,0.4864960250620627,0.46182611564950155,0.5741692472151148,0.475632510614906,-0.20759495496229158,-0.47282887647816535,-0.25296220095454797,-0.2002158983356137,-0.38636719181748336,-0.04532697845690844,0.2509866186002777,0.3088507306109704,0.5796343150685596,0.5275017128949632,0.47344820322821435,-0.3347417997140015,-0.028932122320244138,0.11852170947080551,0.2560337525708487,-0.016142184503115258,-0.11350247236466586,0.09460135852117978,-0.22301960163931558,0.02578785378852181,-0.17021888990411224,-0.08832967893726645,-0.11755207019090294,-0.15431618739662342,-0.23878833912931405,-0.35382192416240227,-0.14307364413627058,0.1151476338373734,-0.277438783761213,-0.15008270132488064,-0.16686194951668382,-0.3387225995535989,-0.06922352964547215,-0.2921170386626498,-0.4833372886331581,-0.3740797814518869,-0.25541602829857046,-0.025039868219329492,-0.2548673687784569,-0.3838124404403432,-0.10391601493291092,-0.29758613203475326,-0.17552887902287737,-0.24537052859312009,-0.3465239734819307,-0.08694867730188148,-0.16581728182618372,-0.44471350741126636,-0.4580656201823101,-0.310826767360551,-0.12963538601814595,-0.1622886337380805,-0.34225793738268245
U3_MicroMobility_HelsinkiMedium,0.6624093456753027,0.3820608386352659,1.0,0.7937451488492889,0.7590315247860955,0.6312814436353367,0.750072080756575,-0.17738018979775025,-0.2625953408745536,-0.22331217843210094,-0.0747239550836011,-0.37441480535038474,0.020788579499862694,0.011196038037019539,0.11127363190138992,0.1988154431254709,0.738820658018705,0.6371483255009481,-0.7007248245157714,-0.5430733257242398,0.06491509208952394,-0.24472277090825997,-0.17336573443814787,-0.4715383394951491,-0.2902462464840693,-0.22413091395512988,-0.23045542186788665,-0.05838241045968747,-0.16998643989497814,-0.22561318591513044,-0.012469661902528694,-0.1691978725456392,-0.09217675462718258,-0.05988313520984227,0.056226140646866686,-0.008620159071750197,0.01305885495056512,-0.06808813529202276,-0.12133172166836899,0.1913850574061031,0.06696971058352721,-0.1414067599633698,-0.2780312757599467,-0.024997784535090238,-0.0924390361426283,-0.1812396947740223,-0.14579862018661985,-0.41645392522306607,-0.15668236919231035,-0.2648419714991541,-0.3343387219765172,-0.42794248630817844,-0.18940552385330864,-0.27165171472830546,-0.11285150143732035,-0.3021527607648061,-0.5633513736541634,-0.18957310427759708,-0.1406523162943705,-0.27991038278217273
U4_CongestionHotspot_HelsinkiMedium,0.8136785758232805,0.4864960250620627,0.7937451488492889,1.0,0.8031533896649864,0.6000125971557922,0.7096928500024392,-0.2170029782784604,-0.3860403850140113,-0.23401385213438253,-0.1219210526390323,-0.44274722541016853,-0.017650338687669513,0.06558292639114659,0.26437510945826115,0.5207807251620838,0.7999825463790519,0.6625756671635444,-0.5486229379977158,-0.4046372502096048,0.20651874413857296,-0.13838117156767968,-0.09183363203594376,-0.3894877883259168,-0.09898697714241976,-0.18984250027136698,-0.3459209267096029,-0.2165516862129584,-0.1718213161759684,-0.21812135513477576,-0.10248207813280105,-0.23174653533784798,-0.22462812932089626,-0.1017954499303206,0.07356855587716776,-0.08681294742300737,-0.052019150373069305,-0.1332726845748767,-0.1783559854857887,0.026735573948142043,-0.04790945212560113,-0.20122947225113194,-0.3882497297720999,-0.14561357483149082,-0.06700922819670531,-0.47988911188571787,-0.1989874647319601,-0.19428435990289103,-0.18635546392173713,-0.12405936316735733,-0.5285779345200057,-0.30880476708518656,-0.14551329785921116,-0.25531184225166775,-0.3157357893191912,-0.4025987403566629,-0.3262832896689501,-0.17460182607490699,-0.19499665001813768,-0.41957406716494294
U5_WorkdayShort_HelsinkiMedium,0.6550801344507922,0.46182611564950155,0.7590315247860955,0.8031533896649864,1.0,0.654397002906266,0.7109797972715641,-0.20383935180389004,-0.31212563173182006,-0.21924756950231958,-0.15137820916196845,-0.3749281783567276,-0.007041965805622692,0.12999822725492105,0.22569807483968216,0.4445758687886758,0.7876852433463999,0.5726768503691374,-0.625089893560156,-0.4474451158628572,0.14447165176275534,-0.16681187064703135,-0.10859550549153549,-0.39012574564525077,-0.13088776733559357,-0.2071348416384507,-0.19058408610551208,-0.17839872467198237,-0.14926572180766717,-0.21448390007017687,-0.12364625557742147,-0.24392047504123068,-0.17276220014866894,-0.07735848715817019,0.03790119534792484,-0.10346515124014172,-0.1560121951601225,-0.14543257211764854,-0.23020593440021453,0.004494425947858157,-0.14693906336692047,-0.23791696641155535,-0.49740444834220837,-0.23735737364987222,-0.06355252602861704,-0.27632163721582387,-0.20727303597513136,-0.18393408148871118,-0.23818922442673554,-0.06913741759143568,-0.30531170882402897,-0.4946695219232126,-0.13504890904410383,-0.2567955564436406,-0.2686030268604734,-0.2968478272022036,-0.4970095852200531,-0.19267649936681905,-0.14748644612647843,-0.46788459270895194
U6_OfficeWaitHeavyTail_HelsinkiMedium,0.5165798058400912,0.5741692472151148,0.6312814436353367,0.6000125971557922,0.654397002906266,1.0,0.710516661369766,-0.19362582948261364,-0.35319219221970344,-0.24889728655608753,-0.15279020837552332,-0.3462910000256179,-0.01182843275719034,0.17036414605344702,0.22717322279953703,0.44598227677102203,0.5267424716436836,0.5585067396805363,-0.5243639329267048,-0.3774936068268156,0.1641873981264721,-0.1295588036425845,-0.0866703986743612,-0.34942038683288135,-0.09934648546133107,-0.238911271076243,-0.12601748820126835,-0.2616553820001282,-0.1308590307341075,-0.20248004395289115,-0.09812330110167278,-0.21504697888609747,-0.25286882603150534,-0.10443314253127085,0.0569189672882413,-0.14472703555688446,-0.10365211827110463,-0.1254371156628209,-0.33318531535079415,0.018483613104353543,-0.0810444897280314,-0.33474132503879955,-0.427903748871012,-0.1631829274290857,-0.05722541947092822,-0.1574580593517363,-0.2975830716331971,-0.09008750091056596,-0.33945466559613874,-0.047638628106528774,-0.16491083071348037,-0.4536103862947288,-0.14642550850554034,-0.22800880804077256,-0.32697922544289776,-0.3295323914614529,-0.4177055285064586,-0.16413119241595314,-0.1459519978904536,-0.39343506573087483
U7_HighTimeVariance_HelsinkiMedium,0.5211500063215458,0.475632510614906,0.750072080756575,0.7096928500024392,0.7109797972715641,0.710516661369766,1.0,-0.22321382362770134,-0.333320601631667,-0.27529052287523353,-0.1767846753126675,-0.36744608199620327,-0.022491140809344543,0.21329843273277768,0.2208445206761511,0.449792333580968,0.695159093885477,0.6213524783529876,-0.6118671871505886,-0.4529954295180767,0.14891343555719458,-0.1724172657317596,-0.12674706114632936,-0.4085013442358791,-0.1335299738410202,-0.18816969920772786,-0.07859660275457515,-0.16127157402197076,-0.1498730687527558,-0.21508176435727003,-0.14045227580014222,-0.2502898426101761,-0.2097213500520258,-0.0941053017277021,0.028972107976742534,-0.08880718603977282,-0.12176113253635004,-0.15216619083478583,-0.2853061496793983,-0.011463645233417027,-0.13102501092331198,-0.30340139285742684,-0.4814378092037982,-0.23852091568329156,-0.08312814752696374,-0.06585256233634718,-0.20347207777920917,-0.1979481294661422,-0.27275623464423726,-0.09324528416038723,-0.0914277520101727,-0.5108516290103882,-0.1567357094468718,-0.28187735134384845,-0.21360836140888306,-0.2562560406604591,-0.5452123653184435,-0.19369480034637165,-0.13961127768205897,-0.38099325057668953
C1_Campus_ClassChange,-0.1925916677020567,-0.20759495496229158,-0.17738018979775025,-0.2170029782784604,-0.20383935180389004,-0.19362582948261364,-0.22321382362770134,1.0,0.15211524658152034,0.09447392394216508,0.003101751795738173,0.18110691379931068,0.11957361742394519,-0.155748707510794,-0.17582319742067157,-0.21385701017809983,-0.21542225051111516,-0.1952215660539147,0.16535510478903848,0.03315960021572513,-0.019927858903288187,-0.1319902034622318,-0.062946244735671,0.3625219809774553,-0.05209499222079481,-0.04276600057716053,-0.04518640099119813,-0.12782593985662424,-0.0201126708901209,0.025639762816073997,-0.038162211034686415,0.05275873391365143,-0.054558366026807706,-0.09073436102137679,-0.10741404697446169,-0.03708274961926875,-0.017718202742486425,-0.002353559873468105,-0.05108771387884372,-0.046627381000339946,0.14775344830747766,0.09004887875261672,0.15087592630222907,0.08219012461271756,-0.053275575078015176,0.04181227893235025,0.016482991031819844,0.05532735039035258,0.00653051523668439,0.020026674226715804,0.11879666424335117,0.057986580964380544,0.22516764647645435,-0.04114979048432737,0.09186896321161499,0.21057238742610393,0.14556206643479255,-0.019570044496325198,-0.08532981629953594,0.03170112752621343
C2_ExamDay_LongStays,-0.43859183584772354,-0.47282887647816535,-0.2625953408745536,-0.3860403850140113,-0.31212563173182006,-0.35319219221970344,-0.333320601631667,0.15211524658152034,1.0,0.7458160908556024,0.02703845476879403,0.8716505718386632,0.1192252452407064,-0.37784935228656524,-0.4286715777502238,-0.5033424002475494,-0.42113275053589916,-0.4314445049147968,0.31812587704160195,0.172876099554935,-0.2649191461379597,-0.16502857269393595,-0.11177217280180061,0.4236719793849379,-0.18638620236595416,0.2353790968691743,-0.02155217699595867,0.3336712821082457,-0.0070797002947237744,0.029348579187678827,-0.16768729548112804,0.05844503668454037,0.6179539617402123,-0.02133537608726974,-0.3248559291236786,0.21922919788078704,-0.16953235437086417,-0.0360596914711416,0.49939304762327175,-0.15583310670722303,-0.08754070818487317,0.6099133412771482,0.1544087244083688,-0.1174657460266634,-0.03689671849234319,0.11114020617288366,0.4410543696457901,0.04620545903041475,0.43597304556910954,0.21676889783670789,0.09471341458224887,0.17246379804568643,0.0007624004051677553,-0.019284170392931968,0.474623524993497,0.5001532758554726,0.11214061993525619,-0.05259928123474858,0.005582327919358757,0.11549151223416278
C3_Hackathon_24h,-0.26312350708438426,-0.25296220095454797,-0.22331217843210094,-0.23401385213438253,-0.21924756950231958,-0.24889728655608753,-0.27529052287523353,0.09447392394216508,0.7458160908556024,1.0,-0.19414828978186338,0.6733503324244815,-0.16546051928474234,-0.2383219395980635,-0.24174518558194663,-0.25529099704436403,-0.2786656711659992,-0.2837821443694467,0.39103378359286156,0.32692361002329046,-0.14380186098870026,-0.017184426193778274,0.0131646577062346,0.5800171835817906,-0.04547849030510416,-0.28161831622460237,-0.024706010293888785,0.22523174111732133,-0.0015980676570113744,0.001034907970582553,-0.1055183370090732,0.02971762935523083,0.45358825485277393,-0.035887131848747096,-0.17675053088064013,-0.3463474922982236,-0.5297345456712093,-0.025871242901050397,0.3540556220855316,-0.08639479695588377,-0.03423140081046429,0.42229643565105784,0.22622023082855752,-0.026087262687071136,0.040341883387535034,0.013323509920887384,0.28234807891703567,0.044888275530087444,0.3270606455433391,0.09076820392746077,0.01486156425797077,0.2545875925385896,0.010969721911016708,0.009111550843084109,0.018131961100544866,0.29183054130467606,0.21828732469118328,0.0006486648809167951,-0.007969691817327438,0.16092074514259672
C4_Stadium_IngressEgress,-0.12359110886471569,-0.2002158983356137,-0.0747239550836011,-0.1219210526390323,-0.15137820916196845,-0.15279020837552332,-0.1767846753126675,0.003101751795738173,0.02703845476879403,-0.19414828978186338,1.0,0.04177684903070204,0.16893679254497612,-0.2220372448345717,-0.167461781553329,-0.2425893491414795,-0.15028767166096288,-0.1396522326309829,-0.16174473483832882,-0.22544015896648759,-0.081618655162053,-0.21734344437574607,-0.1441884167036921,-0.17723145953532296,-0.1913374637584205,0.1575743190369324,-0.1968111452433005,-0.17218839380462664,-0.057610138407157924,-0.053569909526179134,-0.05585861862442999,-0.050634965750870634,-0.10818676730696257,0.37729341801168637,-0.13951937705941383,0.2355172189239395,0.27976312100663114,0.15785900869782726,-0.08657778971416134,-0.07787011073072218,0.030708217990918125,-0.02300438838215942,-0.08863825363221667,-0.053177494915309556,-0.11589504309491216,-0.14766989612104459,-0.08527874900552669,-0.05900876258250998,-0.09930878939103875,-0.044854483263003245,-0.17367715400046138,-0.04577277749329989,-0.04483982858384955,0.23690916601896161,0.07114097819267001,-0.16167389405400961,-0.07405759697432006,0.2129300582242337,0.8560970290885788,-0.11006151404871589
C5_Library_Quiet,-0.41259284047397105,-0.38636719181748336,-0.37441480535038474,-0.44274722541016853,-0.3749281783567276,-0.3462910000256179,-0.36744608199620327,0.18110691379931068,0.8716505718386632,0.6733503324244815,0.04177684903070204,1.0,0.18257986836738024,-0.24050375063256466,-0.34673999234721736,-0.36985364477637256,-0.4080379910175889,-0.38311079902860606,0.37856836664232923,0.26601938991653823,-0.18421666280002869,-0.11045627894094516,0.0375092993300253,0.45754984425093703,-0.0754687411432816,0.011602828144550908,0.046845372701099904,0.09513465687497033,0.03421786750231588,-0.004120386905121619,-0.11706813328184218,-0.0655682124787702,0.3742001637282235,-0.10191457346521282,-0.23138788509599628,-0.013053720988621979,-0.06901195778990804,-0.14405340948288395,0.15832012589578298,-0.16124661362821122,0.00657746674733352,0.31606049285759524,0.2255861757758903,0.018645693731357518,-0.006875809091250444,0.19457956739459029,0.1971749627916952,0.13833210126387332,0.16261787549919615,0.11760916628709478,0.2750715589993014,0.2134028435682395,0.02328524696365446,0.041808102308014274,0.20202648381384394,0.2957736275903178,0.2381246675536663,-0.005292331568609366,-0.0234735955802736,0.2207844328222089
C6_EmergencyDrill_Evacuation,-0.012537242134897526,-0.04532697845690844,0.020788579499862694,-0.017650338687669513,-0.007041965805622692,-0.01182843275719034,-0.022491140809344543,0.11957361742394519,0.1192252452407064,-0.16546051928474234,0.16893679254497612,0.18257986836738024,1.0,-0.0119804503701563,0.015901527232296705,-0.02603113905013418,-0.010418499488852585,-0.00946146479442921,-0.2485663620689206,-0.2955678547112637,0.0908925053137222,-0.22506070257614783,-0.1014777315969135,-0.23752523367312625,-0.10483161187892616,0.08004903653207554,-0.13733620969724913,-0.23096755502346492,-0.077011404225206,0.14684869705095902,-0.0687986842937999,-0.07114222573471564,-0.24237288823228137,-0.07058989269274513,-0.03715012446195628,0.1508964269525551,0.21746082457271287,-0.030533429941228443,-0.20195896811112046,-0.0391409706429527,0.06878936986470291,-0.15892757398573606,-0.19064147868116874,-0.10464677376637295,-0.09463265324358862,-0.06190128734053607,-0.13136212772388733,-0.08235387797243303,-0.18909523209958976,-0.06539962660118584,-0.07672942423020251,-0.12231786982134905,-0.09227257545979918,-0.12975985240449336,-0.019545747082307295,-0.21795860615337417,-0.17658448951202435,-0.080147311075699,-0.09481139159171015,-0.1443590286550882
V1_TaxiLow_HelsinkiMedium,0.1187798007524745,0.2509866186002777,0.011196038037019539,0.06558292639114659,0.12999822725492105,0.17036414605344702,0.21329843273277768,-0.155748707510794,-0.37784935228656524,-0.2383219395980635,-0.2220372448345717,-0.24050375063256466,-0.0119804503701563,1.0,0.9014295993239815,0.46040581452240176,0.1707223551748239,0.17008533982743598,-0.2767321473559456,-0.133891930692089,0.38755813843464215,0.03216091568938706,0.02125208529896682,-0.1487267917223738,0.7236894694500499,-0.1940427124291924,0.15359366801091764,-0.1493805765110249,-0.022741820049112193,-0.09719307297385071,-0.21073985060528905,-0.27240943376352805,-0.3573267206650787,-0.13085881905255975,0.680098640409375,-0.2614340552245049,-0.1293466189810294,-0.18943819023347877,-0.39972638962447155,-0.21102342480508676,-0.21321818296798248,-0.46645381895797394,-0.33568292981465786,-0.29835717060587036,-0.09046473893622288,0.15122159882568909,-0.17365107082697057,-0.14979019087289197,-0.2578237427889987,-0.21012473198368345,0.2326017589544643,-0.24082250264702063,-0.0666895241846742,-0.11995840913255944,-0.2590388141820485,-0.24815357028587112,-0.31286166599203885,-0.10931384646510992,-0.11351107577341185,-0.10556251883031408
V2_TaxiHigh_HelsinkiMedium,0.266892813089603,0.3088507306109704,0.11127363190138992,0.26437510945826115,0.22569807483968216,0.22717322279953703,0.2208445206761511,-0.17582319742067157,-0.4286715777502238,-0.24174518558194663,-0.167461781553329,-0.34673999234721736,0.015901527232296705,0.9014295993239815,1.0,0.5139144456872942,0.26323415589241556,0.25407083824364357,-0.3468311137940144,-0.21903606407804785,0.5455920444971175,-0.01785952950210738,-0.022571208471325186,-0.23513079246674906,0.6748974869288843,-0.19652987080671994,-0.06853320706251043,-0.26322498162505886,-0.07760189751132705,-0.08385178761281041,-0.17132508918675934,-0.2572453768584609,-0.3495686887359128,-0.12115432917098765,0.7071548963527968,-0.20193791138372758,-0.061837372410304896,-0.16973127979210423,-0.34800508165494226,-0.16017874545463145,-0.07437075302012751,-0.38749415999731734,-0.3509613690074584,-0.20084436156011434,-0.12220451636483858,-0.20168834742362493,-0.21713266476411996,-0.07492367870394688,-0.2734668107764851,-0.11562940447410583,-0.1434752778976369,-0.21087306211448228,-0.07457521374929954,-0.14941881078439048,-0.3741974125618285,-0.3584796426938972,-0.21078394875231243,-0.11629179202148833,-0.15684218031170014,-0.2612228931317734
V3_BusOnlyCarriers_HelsinkiMedium,0.5194322564537487,0.5796343150685596,0.1988154431254709,0.5207807251620838,0.4445758687886758,0.44598227677102203,0.449792333580968,-0.21385701017809983,-0.5033424002475494,-0.25529099704436403,-0.2425893491414795,-0.36985364477637256,-0.02603113905013418,0.46040581452240176,0.5139144456872942,1.0,0.5150321784710491,0.49875595455689936,-0.2915931101532987,-0.11944560352049974,0.41921175247070436,0.07427218594905038,0.1061954832820554,-0.17274549214790874,0.2337154199806812,-0.21520072293041267,-0.04921108365683633,-0.2762852522965846,-0.060976053642523106,-0.10735719865410744,-0.18876468112790684,-0.3154782593251859,-0.4329423516944903,-0.15421498386761096,0.134335622723055,-0.30745638215852916,-0.1565524908192722,-0.22482782139884833,-0.3999033531058011,-0.1943082809251117,-0.2491856837135679,-0.4642617007106467,-0.432434113056376,-0.2964914847335243,0.02901992719032698,-0.2604650284071711,-0.23771392771078872,-0.04895758951773057,-0.27233421190794765,-0.13696423013955,-0.1411919875250519,-0.19485982068067406,-0.07273114856065101,-0.1407143826199283,-0.4547234436491024,-0.3984958487825703,-0.1777394959971208,-0.12881291941246414,-0.18879503543600826,-0.29569212569036635
V4_CarOwnership_0_HelsinkiMedium,0.6962414906233055,0.5275017128949632,0.738820658018705,0.7999825463790519,0.7876852433463999,0.5267424716436836,0.695159093885477,-0.21542225051111516,-0.42113275053589916,-0.2786656711659992,-0.15028767166096288,-0.4080379910175889,-0.010418499488852585,0.1707223551748239,0.26323415589241556,0.5150321784710491,1.0,0.6545901310584437,-0.545053830227369,-0.3979361469909607,0.20740435386902337,-0.13907109852259114,-0.07990883019783523,-0.38316568242402216,-0.09360094334597667,-0.25844203888391754,-0.1808757488155174,-0.2532152062422968,-0.14746015642851185,-0.18723371944025358,-0.09776049883437253,-0.2413613561970703,-0.31213403403348894,-0.12886184095800035,0.0765669671381579,-0.16107060620008132,-0.04284483987911677,-0.14268270609520767,-0.3207915568110554,0.024553556347109876,-0.0438478735322216,-0.3444687524304951,-0.37089567658607875,-0.13639491096707804,-0.06407312776194503,-0.23532504441544244,-0.27433808774400453,-0.21035123073766857,-0.29942060049261443,-0.18606776685231036,-0.2681120109818239,-0.3550811002699902,-0.15673864751330244,-0.24683178143667234,-0.33617497656279005,-0.4182386466657981,-0.3951292633767133,-0.1696221761642734,-0.18445306443240175,-0.32895357458620944
V5_CarOwnership_100_HelsinkiMedium,0.6179511488169687,0.47344820322821435,0.6371483255009481,0.6625756671635444,0.5726768503691374,0.5585067396805363,0.6213524783529876,-0.1952215660539147,-0.4314445049147968,-0.2837821443694467,-0.1396522326309829,-0.38311079902860606,-0.00946146479442921,0.17008533982743598,0.25407083824364357,0.49875595455689936,0.6545901310584437,1.0,-0.4495480051908017,-0.34565126643311805,0.22094218054553352,-0.12132394483744598,-0.07331933404243683,-0.3489009146894312,-0.07489488014215187,-0.263211495810545,-0.1564005678554626,-0.3112836960843323,-0.13578501247672553,-0.16102935074551059,-0.07736335190557758,-0.1939096840723147,-0.363142804898304,-0.1446775003942067,0.0809360311382153,-0.1749287487600728,-0.002611393733673978,-0.10700976003510242,-0.3651189832832706,0.03681109945374268,0.01483979880395047,-0.38312097665003775,-0.3047875331352428,-0.07950071675159137,-0.05959209819902714,-0.17753889998336206,-0.32429195512902126,-0.13506042695152876,-0.3507348689178131,-0.15730779079448287,-0.20533097611981357,-0.294209376314135,-0.13330627985812188,-0.22371038217504843,-0.3662993231978389,-0.43672716850748317,-0.30937216663585615,-0.14543709652337392,-0.18469086078496166,-0.2722679283182236
R10_TinyRange_5m,-0.4523739833665567,-0.3347417997140015,-0.7007248245157714,-0.5486229379977158,-0.625089893560156,-0.5243639329267048,-0.6118671871505886,0.16535510478903848,0.31812587704160195,0.39103378359286156,-0.16174473483832882,0.37856836664232923,-0.2485663620689206,-0.2767321473559456,-0.3468311137940144,-0.2915931101532987,-0.545053830227369,-0.4495480051908017,1.0,0.797324834181035,-0.17384200127949356,0.44900999944588554,-0.03796538251367004,0.6437323942966651,0.10734032989911345,0.18422553309684014,0.12449954285518683,0.2635737734610181,0.13716681527447439,0.07068138328228438,-0.06238203605245362,0.2943854499735398,0.2574432755896644,-0.19973055550619168,-0.17134495554652288,-0.007100419734773471,0.0358805208298765,0.07688053011997381,0.36731946962404666,-0.13675889384537473,0.12816804309427132,0.29092949881230434,0.7244908067185174,0.29929776362158955,-0.04982592691501579,0.28794746001156435,0.18500530026539747,0.33439388754470173,0.33819647307919254,0.1310005885753802,0.27433140606641754,0.7119916742497265,0.1308591018216817,0.23213358612162405,0.21854215839255509,0.30740084338262746,0.7610863515556393,0.058772900129411706,-0.0981442192299729,0.6132823598589672
R11_SpeedExtremeLow,-0.3390956633114042,-0.028932122320244138,-0.5430733257242398,-0.4046372502096048,-0.4474451158628572,-0.3774936068268156,-0.4529954295180767,0.03315960021572513,0.172876099554935,0.32692361002329046,-0.22544015896648759,0.26601938991653823,-0.2955678547112637,-0.133891930692089,-0.21903606407804785,-0.11944560352049974,-0.3979361469909607,-0.34565126643311805,0.797324834181035,1.0,-0.3082193518168365,0.8343619710038517,0.04393340163203487,0.7969577876695374,0.22483173431333664,0.16669972781545972,0.3420655699179261,0.4245207889995591,0.08258638472555661,0.06345234188090026,-0.16165905537050737,0.0064860061760796455,0.2966683809229107,-0.20409799851519972,-0.045982962404884385,-0.07908395911951596,-0.022552668981890085,-0.13825504687699183,0.3034076206048829,-0.16557312611874353,-0.20071442559800967,0.09731488337866583,0.5101630163125146,0.11362225127962458,-0.04079969387899884,0.1129213000789651,0.03817724719406944,0.22102432048358023,0.3016623412194478,0.008784431112534451,0.13890222498866836,0.3954802618531257,0.09000357497049026,0.13089917971453452,0.08771757945654704,0.19216856461032167,0.5115135781312653,0.031193479303759816,-0.09095175825503754,0.3923945867679367
R12_SpeedExtremeHigh,0.22866291914052714,0.11852170947080551,0.06491509208952394,0.20651874413857296,0.14447165176275534,0.1641873981264721,0.14891343555719458,-0.019927858903288187,-0.2649191461379597,-0.14380186098870026,-0.081618655162053,-0.18421666280002869,0.0908925053137222,0.38755813843464215,0.5455920444971175,0.41921175247070436,0.20740435386902337,0.22094218054553352,-0.17384200127949356,-0.3082193518168365,1.0,-0.2758177678890189,-0.15611303866116216,-0.28459051448049966,-0.08779115909809056,-0.1733160526099262,-0.19119016781871423,-0.3247883309058248,-0.013157763024376497,0.01595126328426705,-0.011469310012108283,-0.12417121530879993,-0.2176959212402297,-0.08220845771657166,-0.07677958253573137,-0.08262190026404055,0.12785388314630178,-0.20030276736023916,-0.25907836406475565,-0.26263264523260693,0.38154838998926843,-0.15153629346245054,-0.06255537244141725,0.17014048066032447,-0.20830353147509503,-0.08090839439308833,-0.005924145657631216,0.05849384132351013,-0.19737895411397033,0.015668830819333974,0.007996693017047527,0.08883145817918126,-0.035590809079704556,-0.01910985824097434,-0.24059469826666816,-0.14669207336342324,0.10609363954659311,-0.05897830629795143,-0.13437911673545272,-0.006623796624980286
R1_Rural_RandomWaypoint,-0.10919802696274182,0.2560337525708487,-0.24472277090825997,-0.13838117156767968,-0.16681187064703135,-0.1295588036425845,-0.1724172657317596,-0.1319902034622318,-0.16502857269393595,-0.017184426193778274,-0.21734344437574607,-0.11045627894094516,-0.22506070257614783,0.03216091568938706,-0.01785952950210738,0.07427218594905038,-0.13907109852259114,-0.12132394483744598,0.44900999944588554,0.8343619710038517,-0.2758177678890189,1.0,-0.07268856028726547,0.4945777736060566,0.2141830590591385,0.19191359283468554,0.371746121781672,0.45085568052418645,0.017543668759308226,-0.0058486662752737445,-0.1617290158222563,0.012749585367516525,0.09769538698608546,-0.1477300647027267,0.0665488737945298,-0.04337332444831193,-0.04501677852519116,-0.07487978352161452,0.21425757701781625,-0.08859252021939841,-0.33420617123265306,-0.15830305177713522,0.23422859057246168,-0.036993219624909326,-0.0801109969240585,0.0357644310896343,-0.13397462680905403,0.07417458128865419,0.18401520394605816,-0.07265392056560409,-0.03746700337754491,0.08125109844125596,0.016857849030890323,0.018063520669699577,-0.025772604779929677,-0.030415766574279055,0.15737851233868058,-0.013257262310403823,-0.07986896527399975,0.15270213499142343
R2_VillagesTrails_ThreeClusters,-0.0655138488967798,-0.016142184503115258,-0.17336573443814787,-0.09183363203594376,-0.10859550549153549,-0.0866703986743612,-0.12674706114632936,-0.062946244735671,-0.11177217280180061,0.0131646577062346,-0.1441884167036921,0.0375092993300253,-0.1014777315969135,0.02125208529896682,-0.022571208471325186,0.1061954832820554,-0.07990883019783523,-0.07331933404243683,-0.03796538251367004,0.04393340163203487,-0.15611303866116216,-0.07268856028726547,1.0,0.054987249850703995,0.2083472847126903,-0.24890853493832235,-0.04887980541765674,-0.16027706909389122,-0.013333172173033736,-0.04482592751225499,0.575203563518851,0.108295882176002,-0.031081744211095497,-0.14171730725065773,0.14152387788636797,-0.2753892046497653,-0.07128783366798125,0.12083859680402541,-0.2149780273701218,0.5802437622410388,-0.15099608113039248,-0.07308905725681467,-0.06972427787768616,0.022810195309389377,0.5760945669736268,-0.19360781790380996,-0.06987911173306728,0.04542552127799019,-0.10699720296689934,-0.07539995852743399,0.0035538877328104308,-0.0038986557610354894,-0.004301482167856269,-0.031674651607214103,-0.2287510530200826,-0.07560569956943218,0.10898250867440988,-0.04292476225793394,-0.11165890459296778,-0.04859696409109926
R3_WildlifeTracking,-0.34494180893815696,-0.11350247236466586,-0.4715383394951491,-0.3894877883259168,-0.39012574564525077,-0.34942038683288135,-0.4085013442358791,0.3625219809774553,0.4236719793849379,0.5800171835817906,-0.17723145953532296,0.45754984425093703,-0.23752523367312625,-0.1487267917223738,-0.23513079246674906,-0.17274549214790874,-0.38316568242402216,-0.3489009146894312,0.6437323942966651,0.7969577876695374,-0.28459051448049966,0.4945777736060566,0.054987249850703995,1.0,0.1470303138763268,0.09176774520628447,0.25495711872352783,0.24820529269191674,0.031567973971079646,0.01345760789461102,-0.20051033758006606,-0.019112147827942023,0.279936356661281,-0.17039171787980886,-0.12108616764537843,-0.10527201005876959,-0.12458291917892866,-0.11058564126968062,0.19110398688125801,-0.16725484336676144,-0.2625061591591529,0.12050432638283598,0.3164326614824654,-0.07432535328319942,0.03541608909603576,0.07421918110269232,0.022878383978152634,0.12266559552712564,0.22429446627366634,-0.020593795216088458,0.137020619499391,0.22962666782982227,0.09527237310673568,0.03646348025327691,0.11475239176306595,0.1953072708802947,0.30579152791644226,0.007147996796419432,-0.07756183202321817,0.20058041115001846
R4_ParkRangers_HelsinkiMedium,-0.06869455412176295,0.09460135852117978,-0.2902462464840693,-0.09898697714241976,-0.13088776733559357,-0.09934648546133107,-0.1335299738410202,-0.05209499222079481,-0.18638620236595416,-0.04547849030510416,-0.1913374637584205,-0.0754687411432816,-0.10483161187892616,0.7236894694500499,0.6748974869288843,0.2337154199806812,-0.09360094334597667,-0.07489488014215187,0.10734032989911345,0.22483173431333664,-0.08779115909809056,0.2141830590591385,0.2083472847126903,0.1470303138763268,1.0,-0.07341599694985473,0.06981638698718672,-0.024552871096955465,0.0032368817352246026,-0.02587413520619466,-0.22498149220994024,-0.250772499723338,-0.12110418892880206,-0.15283010020405768,0.8493424792526423,-0.22412460980852988,-0.14956608239569597,-0.1635942484848332,-0.11861581734908115,-0.1430875774150424,-0.3010819945564018,-0.15929276735436973,-0.09689126066915903,-0.22819405031187126,0.006936803477260372,-0.11862627066935143,-0.06641366404983326,0.04759165479894038,-0.01880034458782485,-0.06748933370924377,0.007270583783862004,0.03388437992787762,0.010007052231548144,-0.02510788053299963,-0.18011411202642433,-0.08791298624717021,0.08680356291494361,-0.04581892303596953,-0.10926313549859404,-0.04076275777463894
R5_MountainRescue,-0.2544736763561543,-0.22301960163931558,-0.22413091395512988,-0.18984250027136698,-0.2071348416384507,-0.238911271076243,-0.18816969920772786,-0.04276600057716053,0.2353790968691743,-0.28161831622460237,0.1575743190369324,0.011602828144550908,0.08004903653207554,-0.1940427124291924,-0.19652987080671994,-0.21520072293041267,-0.25844203888391754,-0.263211495810545,0.18422553309684014,0.16669972781545972,-0.1733160526099262,0.19191359283468554,-0.24890853493832235,0.09176774520628447,-0.07341599694985473,1.0,0.02962587244916518,0.45757246178697336,0.019050011667840396,0.017747110641295947,-0.17007425447593102,0.13050488838161217,0.3564624866735331,0.018313307424997954,-0.21727863653669605,0.9228161678934115,0.48500411529430865,-0.0010289337011843611,0.5350352668415164,-0.24422807266758098,-0.22376923244026842,0.40060666956439267,-0.0016466447699786475,-0.21633659030592184,-0.14167746256139854,-0.031603649150748724,0.4150658544099291,-0.006349979814350857,0.4862690513233415,0.1799257247421109,-0.09768712603708646,0.10927631306354196,-0.04024840908848803,0.010191319440917949,0.7788704245646135,0.3870537901957901,0.03070565659844486,-0.084366932685507,-0.019620539971935993,-0.0009045305919036093
R6_SparseLongRange,-0.2589304850017092,0.02578785378852181,-0.23045542186788665,-0.3459209267096029,-0.19058408610551208,-0.12601748820126835,-0.07859660275457515,-0.04518640099119813,-0.02155217699595867,-0.024706010293888785,-0.1968111452433005,0.046845372701099904,-0.13733620969724913,0.15359366801091764,-0.06853320706251043,-0.04921108365683633,-0.1808757488155174,-0.1564005678554626,0.12449954285518683,0.3420655699179261,-0.19119016781871423,0.371746121781672,-0.04887980541765674,0.25495711872352783,0.06981638698718672,0.02962587244916518,1.0,0.19850795704385815,0.029736846384236595,0.6649417722066396,-0.1597427934761357,-0.07988805338065645,-0.030561083472986438,-0.117935088827619,-0.05823981154276504,-0.12664513820284756,-0.10392240300510344,-0.12606711752628216,-0.07991004943953303,-0.15239371219519054,-0.2635593585609133,-0.22932066168577928,0.05480500931262993,-0.13291612865403057,-0.06405140618107576,0.4507641915483285,-0.10017554896618462,0.01798973019298601,-0.08645633231786831,-0.04532875951155111,0.5168839173595371,-0.11608131755018125,-0.019357059190076725,-0.02977016174336941,0.007141486776006836,0.1268365435849144,-0.1449578623596363,-0.03299753183553104,-0.011496634344573377,0.11814214309026974
R7_SparseTinyBuffer,-0.29507703890574005,-0.17021888990411224,-0.05838241045968747,-0.2165516862129584,-0.17839872467198237,-0.2616553820001282,-0.16127157402197076,-0.12782593985662424,0.3336712821082457,0.22523174111732133,-0.17218839380462664,0.09513465687497033,-0.23096755502346492,-0.1493805765110249,-0.26322498162505886,-0.2762852522965846,-0.2532152062422968,-0.3112836960843323,0.2635737734610181,0.4245207889995591,-0.3247883309058248,0.45085568052418645,-0.16027706909389122,0.24820529269191674,-0.024552871096955465,0.45757246178697336,0.19850795704385815,1.0,0.04056064973218538,0.01036914523223539,-0.1999137316654335,-0.03015674110280794,0.6658190785930327,0.003698864883088521,-0.17132659849805623,0.31366273618147866,-0.09456016837954714,-0.1589823814891079,0.842514130025711,-0.2254959905123972,-0.29310133976129565,0.5938495162817582,0.31209428112393506,-0.12434990361697841,-0.152866005529269,0.1391715028719424,0.7356554128057132,-0.40657759822445133,0.8837675429135742,-0.19734514729284158,0.0038033638388944835,0.29373964489726123,0.061715735670883023,0.012495287509029805,0.720363811038947,0.5836807553185639,0.013121689307756562,-0.07646221564177269,-0.0018318298116878975,0.40664573010966004
R8_IntermittentPower,-0.14509671866071294,-0.08832967893726645,-0.16998643989497814,-0.1718213161759684,-0.14926572180766717,-0.1308590307341075,-0.1498730687527558,-0.0201126708901209,-0.0070797002947237744,-0.0015980676570113744,-0.057610138407157924,0.03421786750231588,-0.077011404225206,-0.022741820049112193,-0.07760189751132705,-0.060976053642523106,-0.14746015642851185,-0.13578501247672553,0.13716681527447439,0.08258638472555661,-0.013157763024376497,0.017543668759308226,-0.013333172173033736,0.031567973971079646,0.0032368817352246026,0.019050011667840396,0.029736846384236595,0.04056064973218538,1.0,-0.0029960526594868513,-0.038946247047400046,-0.03874652532597538,0.015566961087807682,-0.0598007440988051,-0.05646769846299546,-0.0066845992476774006,0.045124135580657934,-0.0828005234935534,0.022393252196757155,-0.09843174628778315,0.04936867279528373,0.032726636290100454,0.12122079227529,0.055280037464423386,-0.0601057503628772,0.10824178389630248,0.07789129068096343,0.028051753547388526,0.05568571390348505,-0.014502906371813501,0.13828594241795422,0.14381722132305083,0.0075127828771407255,0.016660791063435314,0.05509201216954793,0.07531720570663383,0.1317933792895517,-0.00029360021869201207,-0.034112408963092,0.1613394344706779
R9_ExtremeRange_200m,-0.18257124252880202,-0.11755207019090294,-0.22561318591513044,-0.21812135513477576,-0.21448390007017687,-0.20248004395289115,-0.21508176435727003,0.025639762816073997,0.029348579187678827,0.001034907970582553,-0.053569909526179134,-0.004120386905121619,0.14684869705095902,-0.09719307297385071,-0.08385178761281041,-0.10735719865410744,-0.18723371944025358,-0.16102935074551059,0.07068138328228438,0.06345234188090026,0.01595126328426705,-0.0058486662752737445,-0.04482592751225499,0.01345760789461102,-0.02587413520619466,0.017747110641295947,0.6649417722066396,0.01036914523223539,-0.0029960526594868513,1.0,-0.06565871316588759,-0.06098131450768574,-0.029248565430108314,-0.08744335172245453,-0.09085682732986008,-0.03683311576370688,0.04152756352183239,-0.11466822682654174,0.040615617758626966,-0.13309230512765943,0.06566090694942167,0.04622540509382177,0.15096629696042035,0.06264257617592489,-0.0941314147245933,0.018439674599205577,0.054467225240033286,0.0513737229686225,-0.0018282216503464177,0.028750742750295304,0.10043021444531758,0.16443368846332382,-0.004005486193016874,-0.006842496439110014,-0.025339458331163203,0.09317402965715643,0.1298719176181858,-0.013712470760912277,-0.05742182823258494,0.08665763478341515
D1_ShelterHotspots_Clusters,-0.07174413891180445,-0.15431618739662342,-0.012469661902528694,-0.10248207813280105,-0.12364625557742147,-0.09812330110167278,-0.14045227580014222,-0.038162211034686415,-0.16768729548112804,-0.1055183370090732,-0.05585861862442999,-0.11706813328184218,-0.0687986842937999,-0.21073985060528905,-0.17132508918675934,-0.18876468112790684,-0.09776049883437253,-0.07736335190557758,-0.06238203605245362,-0.16165905537050737,-0.011469310012108283,-0.1617290158222563,0.575203563518851,-0.20051033758006606,-0.22498149220994024,-0.17007425447593102,-0.1597427934761357,-0.1999137316654335,-0.038946247047400046,-0.06565871316588759,1.0,0.5249461517346048,-0.13717167059001478,-0.08088171891504004,-0.015957008884289223,-0.055031406508101205,0.1464966995564184,0.350746032928735,-0.13258526005658736,0.7963034021474038,0.31616319527721953,-0.062164275642127155,0.12037335873690833,0.40835227814339664,0.6392707993308698,-0.012232152064310253,-0.11877003063967709,0.036553638421774795,-0.1602705248975678,-0.021055175944516915,-0.03586388672418572,0.06142681438266823,-0.05574167281297362,-0.039077851927642716,-0.13931429008160065,-0.13491553377655516,0.09311942689635022,-0.0546734783822309,-0.1278979676064971,0.07178659749622478
