,U1_CBD_Commuting_HelsinkiMedium,U2_SparseSuburb_HelsinkiMedium,U3_MicroMobility_HelsinkiMedium,U4_CongestionHotspot_HelsinkiMedium,U5_WorkdayShort_HelsinkiMedium,U6_OfficeWaitHeavyTail_HelsinkiMedium,U7_HighTimeVariance_HelsinkiMedium,C1_Campus_ClassChange,C2_ExamDay_LongStays,C3_Hackathon_24h,C4_Stadium_IngressEgress,C5_Library_Quiet,C6_EmergencyDrill_Evacuation,V1_TaxiLow_HelsinkiMedium,V2_TaxiHigh_HelsinkiMedium,V3_BusOnlyCarriers_HelsinkiMedium,V4_CarOwnership_0_HelsinkiMedium,V5_CarOwnership_100_HelsinkiMedium,R10_TinyRange_5m,R11_SpeedExtremeLow,R12_SpeedExtremeHigh,R1_Rural_RandomWaypoint,R2_VillagesTrails_ThreeClusters,R3_WildlifeTracking,R4_ParkRangers_HelsinkiMedium,R5_MountainRescue,R6_SparseLongRange,R7_SparseTinyBuffer,R8_IntermittentPower,R9_ExtremeRange_200m,D1_ShelterHotspots_Clusters,D2_PartitionedCity_MuleBridge,D3_Aftershock_ErraticMobility,D4_MedicalTriage_TwoClasses,D5_UAVMule_FastRoute_HelsinkiMedium,D6_ShortTtlCritical_5to10min,D7_HighLoad_TrafficStorm,D8_InfrastructureReturns_BackboneLinks,D9_Critical_1minTTL,S1_StrongCommunities_SeparateClusters,S2_WeakCommunities_HighMixing,S3_PeriodicMeetings_RegularRhythm,S4_RandomMixing_NoHotspots,S5_TwoLayer_StudentsStaff,S6_FamilyGroups_SmallPersistent,T10_HighRateLowSpeed_Congestion,T11_TTL_1min,T12_TTL_Infinite_Buffer200M,T13_Buffer_256k,T14_Buffer_200M,T15_TransmitSpeed_256k,T1_ManySmallMsgs_HighRate,T2_FewHugeMsgs_LowRate,T3_MixedBimodal_SmallAndLarge,T4_VeryShortTtl_5to10min,T5_VeryLongTtl_6to24h,T6_UniformSources_RandomFromTo,T7_TargetedToHubs_FewDestinations,T8_BurstTraffic_TimeWindows,T9_BufferStress_SmallBufferHighTraffic
U1_CBD_Commuting_HelsinkiMedium,1.0,0.5882893836493719,0.6912754668207081,0.49385443978964805,0.6903141622834136,0.300534044867967,0.31610063311094655,-0.17534427663858604,-0.36517055828547246,-0.3092095327541714,-0.20815747031461843,-0.34561287259784246,-0.011364845910221813,0.15537808009685097,0.26292196608669827,0.26953374817199255,0.40698196352406013,0.6203468204777236,-0.40537246574554703,-0.3035650345382013,0.22084171844539222,-0.09623627851776019,-0.05138173156756809,-0.32186273132089055,-0.06085042826723265,-0.19333020905019224,-0.20199290057276234,-0.2675104275439157,-0.13219056852670516,-0.17319945898330028,-0.0648368941407057,-0.19142171721106266,-0.22076984177892311,-0.22224775652556528,0.09591907648574097,-0.1004946518647606,-0.0004643065906723729,-0.11418060799733867,-0.11271823520998653,0.05521428728752782,-0.10123371111900974,-0.2565574068554277,-0.29448720819617913,-0.08806373060304888,-0.04384524749195506,-0.30278267489538147,0.08432515006199257,-0.25031782836228156,-0.22922575269879183,-0.24739403618484687,-0.14237019060973433,-0.283491266769759,-0.12478925993036148,-0.20262119422270583,-0.28114005145584325,-0.3081575634740694,-0.26681143981297356,-0.30447574326145954,-0.31581476912051504,-0.2736632981528502
U2_SparseSuburb_HelsinkiMedium,0.5882893836493719,1.0,0.3858655639286034,0.2851547607628581,0.46632844526677575,0.3792659023813689,0.2899338339572585,-0.20037321022297472,-0.44116529970689516,-0.2824823114034193,-0.319100443717804,-0.3242402414951335,-0.0395238411038103,0.27746466921204194,0.3161613161828251,0.36244974007056846,0.31652810695315153,0.47874946791669976,-0.2615392199672877,0.014747218395463769,0.1321317051025602,0.2743695446947875,0.010404202368010897,-0.08346250981951002,0.1140873525760355,-0.19726074822530448,0.062006344134953,-0.07856604309006959,-0.07072190512286487,-0.09771268486033839,-0.12850223360489707,-0.2180619753306234,-0.29372540899163024,-0.27666169830287457,0.13171818034557362,-0.25139798905645655,-0.19717468723843373,-0.17059765506739802,-0.19631183932127907,-0.046137757393566285,-0.3365651831519445,-0.44330594326551365,-0.30383218341813306,-0.1603299912227675,-0.008200675374376118,-0.27144192187961746,-0.06344166578314477,-0.1768379319012242,-0.22674409095008533,-0.23089989878022213,-0.13761258732683454,-0.3024081318019577,-0.07111566404750806,-0.12798568792215495,-0.39131509218005806,-0.37564908523155477,-0.25519857768941906,-0.2539537259337894,-0.2940060894387304,-0.2656211900643062
U3_MicroMobility_HelsinkiMedium,0.6912754668207081,0.3858655639286034,1.0,0.5228124644423997,0.76249842721754,0.40690668853734374,0.49376714415545964,-0.1699940668583996,-0.22678635000932867,-0.25521247501241895,-0.11006494553228743,-0.3184131081424687,0.02657553390492062,0.018314177983282262,0.11801638946914685,0.06305720581956153,0.4864540626375501,0.644341586054785,-0.5990170858100241,-0.4728169586314299,0.07768584779115349,-0.214846960729505,-0.1430360919184437,-0.44274152534895944,-0.26473724806148646,-0.19183174260124566,-0.22627285617843204,-0.20465216024303948,-0.15400952032602122,-0.2041439148435079,0.01224842016287067,-0.1474931549148425,-0.03507164185752852,-0.10800035849921866,0.07485926190018359,0.019771938997734377,0.2369415078066748,-0.05903403953332397,-0.16296243503189056,0.2125452754830698,0.07539858833676344,-0.09216960515657008,-0.20216846366140184,-0.03347779744881632,-0.07483016937515728,-0.22138811306431094,0.005870309755364556,-0.43000866481854794,-0.15823521245827318,-0.29036973310692654,-0.1576346820617701,-0.37803410469626025,-0.1720455948995671,-0.22593419116075833,-0.07356882534392774,-0.22893902052682238,-0.48535722574435136,-0.37093968775702807,-0.24832369062817222,-0.21841533890274878
U4_CongestionHotspot_HelsinkiMedium,0.49385443978964805,0.2851547607628581,0.5228124644423997,1.0,0.520372772450773,0.7450034645410051,0.8364538588545267,-0.2975481719558408,-0.46938426670690464,0.019527900405675466,0.2545995234076365,-0.4667822491209796,-0.08707140875577246,-0.015132978878203042,0.08222104163970065,0.6111781597892538,0.8644657472110979,0.3803952091390389,-0.6891735916895512,-0.5491181907585356,-0.01817589070483192,-0.2589737441197473,-0.2354255672650752,-0.4839827848459511,-0.2236969335056014,-0.31331009817942324,-0.3389569812506861,-0.5117105744744695,-0.22485932918990623,-0.316569543946126,-0.26370058613906056,-0.30865976288606944,-0.4207094376651622,0.3686585069613266,-0.10556769346171359,-0.24528822758716945,-0.1397103714418495,-0.08148620761933187,-0.23475962322610425,-0.13598919016841662,-0.4143612225961541,-0.4351596681591631,-0.6026743331843056,0.2472690638372149,-0.15169984585201893,-0.4994038377170819,0.015009021486768413,0.2469118112246581,0.17990389676125845,0.2500676492529068,-0.3992068852596953,-0.5422312854906053,-0.19759967266786038,-0.18843032116679145,-0.42124760917067816,-0.5580704599124241,-0.615643363030191,0.07606346358125242,0.2962495580537932,-0.5525359009868906
U5_WorkdayShort_HelsinkiMedium,0.6903141622834136,0.46632844526677575,0.76249842721754,0.520372772450773,1.0,0.4219363040011697,0.4547088095346651,-0.19599074363023614,-0.2730805392289909,-0.2592342244967245,-0.23928926383002522,-0.31551397950318116,-0.0006872153680598081,0.14808388624832877,0.2331308373132139,0.23828531177355097,0.4982300016966411,0.5789385771383017,-0.522304669953905,-0.37559934052099364,0.1578523455374666,-0.13470733477549637,-0.07611041457603722,-0.35625560576279625,-0.10467240892223777,-0.17201151718875346,-0.17228312387532047,-0.30707661232864736,-0.1299558335188024,-0.19039328516461781,-0.09448509687069755,-0.21959685405935495,-0.10684433687753606,-0.14964922531087302,0.058805717306985396,-0.07115864430262515,0.03548112494221682,-0.14526294268833626,-0.12924178910350603,0.030864543725308124,-0.2114623829712433,-0.18509650150238394,-0.40603087441082886,-0.15680019593834735,-0.043871988486502096,-0.31785052564887367,0.014084768198979324,-0.26249788551778225,-0.21789081454658213,-0.16123962831053276,-0.14763963054314763,-0.43702375197974086,-0.11645306317206454,-0.2062417733936981,-0.21284054254522458,-0.2160538939243962,-0.42099777361069785,-0.3819930430303527,-0.2663480390377233,-0.3782453385443204
U6_OfficeWaitHeavyTail_HelsinkiMedium,0.300534044867967,0.3792659023813689,0.40690668853734374,0.7450034645410051,0.4219363040011697,1.0,0.764798890091741,-0.24969784423000468,-0.4210847180651903,-0.009718892020368432,0.17700893938254605,-0.3950163120965217,-0.07463737506536426,0.03314848295441908,0.07387122732690729,0.5601518751293568,0.6402216250215743,0.31687018019313734,-0.6188321308055372,-0.48975162479807927,-0.016526035112757135,-0.23060597208179967,-0.20844760073247337,-0.42336655833063247,-0.19950683331966795,-0.3057571808887606,-0.2159535494681476,-0.4915048980340942,-0.19213033043233377,-0.27664869911183926,-0.23373231790042093,-0.2761794184401831,-0.39507801453761354,0.3302096330402869,-0.09268722858671037,-0.24255989013902843,-0.16775454695659414,-0.0725865958206542,-0.34654252183112166,-0.11933124654371599,-0.39664397264918,-0.4522261033336605,-0.5727118327118493,0.22189737753959046,-0.1324516140607983,-0.3446900912332887,-0.17843563117460243,0.2635491159930419,0.10201906285466117,0.3096115796325968,-0.19188048588161843,-0.5612062570320765,-0.20272441283923368,-0.06841039443743403,-0.4061982926940373,-0.47979646808004595,-0.5830898858399747,0.06769424345571698,0.2582484099810876,-0.5155575120359676
U7_HighTimeVariance_HelsinkiMedium,0.31610063311094655,0.2899338339572585,0.49376714415545964,0.8364538588545267,0.4547088095346651,0.764798890091741,1.0,-0.2634170857530065,-0.40739148522899615,0.016844153476964746,0.224373034819148,-0.41589489211183,-0.08029062693969069,0.04191054733663295,0.06309041351953897,0.5466604308379078,0.8062120269822408,0.3652834305567728,-0.6930022374432195,-0.5497273638832435,-0.03807794187429534,-0.2653885046231354,-0.24033721596694918,-0.463953460984331,-0.22969181347174428,-0.28101372723717194,-0.20018301351820142,-0.48654088052109107,-0.20946179840312373,-0.28341502053069617,-0.2682491443329054,-0.3057904047589784,-0.3696624669578271,0.35646705354429153,-0.11814497204502834,-0.21489669664215508,-0.12343679714637762,-0.08930330165520185,-0.3814372462159442,-0.14432297138789973,-0.43418947656857926,-0.4279607990758201,-0.6154172150603202,0.2103047128557584,-0.15039322667515662,-0.3355952028426264,-0.19997110351697425,0.2568208931551797,0.15509488589920128,0.34380147725333593,-0.17793117424846355,-0.609428777165345,-0.23202232818558438,-0.23689967089870004,-0.3462482880138256,-0.4509494392778251,-0.6791221733512766,0.04571815375484968,0.3502460102739771,-0.5371917255378558
C1_Campus_ClassChange,-0.17534427663858604,-0.20037321022297472,-0.1699940668583996,-0.2975481719558408,-0.19599074363023614,-0.24969784423000468,-0.2634170857530065,1.0,0.28074668140234255,0.010190964988131702,0.005177586282198711,0.2748891261382948,0.12341691267467048,-0.14481602812530608,-0.1684797217416756,-0.25336784375911736,-0.25067921743193883,-0.1700797846522563,0.17780157673583954,0.05427662649357218,-0.011671660406721462,-0.11503601418738821,-0.046416808441593724,0.38026700905874533,-0.03893879986801743,-0.03358705749563777,-0.026782082053108787,0.10106119571611882,-0.010002557831848113,0.03601941960887961,-0.02361122579678243,0.06180597283242012,-0.03318535322389801,-0.17213925728829155,-0.09329017484945204,-0.02830067604218292,-0.05816348591265869,0.006389269794603292,-0.010941834297502518,-0.03256627834344171,0.23028877992606442,0.09941239657102689,0.21629065071908415,-0.07525748519792164,-0.04322382047626599,0.0819668988857029,0.03952154294586825,-0.03740905693179097,0.06343073153462543,-0.07003373010397791,0.26690733125008304,0.07309474088753098,0.23365709507101773,-0.033527453050998676,0.10281709523516994,0.21636230367243592,0.16004457549251053,-0.0319786153088319,-0.1499329824226526,0.05626119937840433
C2_ExamDay_LongStays,-0.36517055828547246,-0.44116529970689516,-0.22678635000932867,-0.46938426670690464,-0.2730805392289909,-0.4210847180651903,-0.40739148522899615,0.28074668140234255,1.0,0.5551383794064053,0.04212835156745368,0.8800809896953163,0.13255224559803663,-0.34435593215501026,-0.3953555084220659,-0.5263759337710752,-0.479668217258454,-0.389818653927421,0.36178906266724126,0.21431160096864124,-0.21652367429472955,-0.1258785863358957,-0.06775661443101354,0.4689021523513706,-0.13725607244390797,0.28135382649880447,0.014634651002079151,0.1854899075291754,0.017765508127147497,0.0595944967277193,-0.11523406629647294,0.09001383496099129,0.6332935688490784,-0.028738986039350926,-0.2711757230846783,0.26754819868808605,0.1624482006570772,-0.016334912433659792,0.37747457672626444,-0.11158046391205989,0.141852675403906,0.6596954140915557,0.28933348839627004,-0.2848814106104637,-0.015603826142642345,0.2043886557810168,0.08979694433817113,-0.11241848634316266,0.03074256542413625,0.029673083415205526,0.005287463417828606,0.22620507840827644,0.016223904575269142,0.014667367019312592,0.5246077492862851,0.5681942403765878,0.1898976884474828,-0.08563411578872304,0.020175994863962304,0.1721149043899739
C3_Hackathon_24h,-0.3092095327541714,-0.2824823114034193,-0.25521247501241895,0.019527900405675466,-0.2592342244967245,-0.009718892020368432,0.016844153476964746,0.010190964988131702,0.5551383794064053,1.0,0.10139495509556894,0.5679704736127071,-0.17947139442977875,-0.25497217332834976,-0.2798459650341764,-0.08429138681640982,0.005932488186870494,-0.32180903547172157,0.16756384547462272,0.13730954650683877,-0.21744217996431878,-0.096626481576845,-0.0746464728969602,0.3940846621395016,-0.1156285296492855,-0.3479712423664338,-0.04638079192728598,0.006957966994908401,-0.04197743475042007,-0.05849660766808025,-0.17890550611348693,-0.03434699742467975,0.24223766313410627,0.19646779011572277,-0.23654629657521925,-0.41086938071015916,-0.4396108934523293,0.03668474645896361,0.13904895496512767,-0.1565674068897659,-0.07309691504558463,0.224126405535495,0.0799068204615282,-0.06551448072887944,-0.018978603066067773,0.007938664907203309,0.01966620596327771,0.24741931410245518,0.10026002524810618,0.25568430939379705,-0.1578220696143472,0.06879369459308127,-0.04701788313050517,0.0055663579099842955,-0.09474554257366541,0.10264817242582594,0.0011278691802139083,0.09607901213869094,0.5114119670172134,0.0039034417475935796
C4_Stadium_IngressEgress,-0.20815747031461843,-0.319100443717804,-0.11006494553228743,0.2545995234076365,-0.23928926383002522,0.17700893938254605,0.224373034819148,0.005177586282198711,0.04212835156745368,0.10139495509556894,1.0,0.06133067830642129,0.2738163691746243,-0.32194093235612636,-0.26543798041219807,-0.041771094877082325,0.24604935530262154,-0.2032139130702775,-0.24300738596429264,-0.3295083024088806,-0.14046540517201267,-0.3263965678014636,-0.2106033392578852,-0.26768596332980954,-0.29450751547145876,0.20586129857959373,-0.2552201780292526,-0.3077298549607697,-0.07383049882315135,-0.07096553508491885,-0.07939207849665288,-0.07718671983322803,-0.16877490291133687,0.25372924772502276,-0.2122178685007146,0.3246430776026473,0.35583945526530075,0.04224950200709049,-0.05915401844090136,-0.11057249164274591,0.03737250636427951,-0.08143923789063376,-0.12869901687722887,0.11271422333635787,-0.1688320240717187,-0.17326584243735418,0.013878514527699346,0.37420446753516634,-0.012908295106892332,0.32299903678602626,-0.21415833618409694,-0.11839279732529173,-0.05735954108269427,0.020740920747917287,0.09029729805381013,-0.23220363095547852,-0.15035268970937377,0.06468685121864906,0.6290269353759421,-0.15330190342910757
C5_Library_Quiet,-0.34561287259784246,-0.3242402414951335,-0.3184131081424687,-0.4667822491209796,-0.31551397950318116,-0.3950163120965217,-0.41589489211183,0.2748891261382948,0.8800809896953163,0.5679704736127071,0.06133067830642129,1.0,0.1494334405781447,-0.21589851914423067,-0.2964738894104691,-0.390170183975314,-0.4404380255153151,-0.3251910204256051,0.4208385114043862,0.34223434804812003,-0.1474131955461476,-0.04409724524471643,0.08270631609100813,0.5947724239529578,-0.02389123185591368,0.05608961301562246,0.06405817799582275,0.1658305386579859,0.044601642699839676,0.008870869569563032,-0.07535463950981515,-0.030746450409715593,0.4057712536452462,-0.16936245985310608,-0.1724509013958527,0.02848178943306569,-0.01866579345166724,-0.11585059159740477,0.10634792782499963,-0.1035490362307004,0.17569223337437662,0.35897435864272936,0.3370102785335596,-0.19630079488417645,0.037099089757105096,0.20909197711820066,-0.0961250067551009,-0.043746957852335115,-0.10923249111520296,-0.03207766398988619,0.12397585076578112,0.2561452479857727,0.02805321051304257,0.05168093999972574,0.2362458742240522,0.32378325050699047,0.2909195957383782,0.018705718796230272,-0.03256672826755248,0.23369643604360094
C6_EmergencyDrill_Evacuation,-0.011364845910221813,-0.0395238411038103,0.02657553390492062,-0.08707140875577246,-0.0006872153680598081,-0.07463737506536426,-0.08029062693969069,0.12341691267467048,0.13255224559803663,-0.17947139442977875,0.2738163691746243,0.1494334405781447,1.0,-0.0030069553005533487,0.020997313880243368,-0.07481654671816819,-0.06564842314912396,-0.000989945724477272,-0.2010723822673068,-0.25510956485554065,0.0979145961638028,-0.20520462828843522,-0.08319213747459966,-0.21987366620117205,-0.09017109434074268,0.09053151191883282,-0.12951982287883745,-0.21323946524931683,-0.06711988294768281,0.155800430445348,-0.053525098247800974,-0.059640199735549716,-0.20324803979969067,-0.12474361382150065,-0.024622065354920373,0.15941388397414397,0.18040319592954288,-0.021900678154022954,-0.13686748049582156,-0.024160869526180177,0.02034881263508802,-0.13514828203918702,-0.15257524279351095,-0.05510958398356903,-0.08370888701933267,-0.05765675363744129,0.0017753538006009969,-0.1270933234752505,-0.1351636238769916,-0.10749094818441471,0.018481866303980177,-0.09640656920579972,-0.082587574425259,-0.11002263899146543,0.0005085870276649407,-0.17456624105855725,-0.14120302145512403,-0.14710289561780543,-0.16012390313654376,-0.10515734911741514
V1_TaxiLow_HelsinkiMedium,0.15537808009685097,0.27746466921204194,0.018314177983282262,-0.015132978878203042,0.14808388624832877,0.03314848295441908,0.04191054733663295,-0.14481602812530608,-0.34435593215501026,-0.25497217332834976,-0.32194093235612636,-0.21589851914423067,-0.0030069553005533487,1.0,0.9376983595426744,0.2757412084715193,0.039375526086841174,0.19310624979224777,-0.17259219216708419,-0.05588984045165146,0.42808714345368937,0.07517215903097864,0.06580531374377777,-0.10285467975091976,0.764269740212644,-0.14221501931088795,0.10094784733736538,-0.030420233257895803,-0.01062560783706827,-0.0679283970252262,-0.1699910213105183,-0.24311922573478736,-0.2689270870435873,-0.24530041003088776,0.7169912566916127,-0.21044309017191973,-0.15839696230044528,-0.18843438111175081,-0.3833368508454983,-0.1738248162401466,-0.2250479225188649,-0.3567362598011452,-0.23951101284328888,-0.16013614232881423,-0.06532246257902959,0.013506532333759046,-0.1517050120642164,-0.21518863141849157,-0.14032311008460643,-0.19130424509153507,0.26693241303038623,-0.11797244622647529,-0.04370897206232819,-0.07252676178901644,-0.22340385899483842,-0.19532406116057066,-0.16490444321590444,-0.196104023023494,-0.2313838527591586,-0.05730872925381565
V2_TaxiHigh_HelsinkiMedium,0.26292196608669827,0.3161613161828251,0.11801638946914685,0.08222104163970065,0.2331308373132139,0.07387122732690729,0.06309041351953897,-0.1684797217416756,-0.3953555084220659,-0.2798459650341764,-0.26543798041219807,-0.2964738894104691,0.020997313880243368,0.9376983595426744,1.0,0.29064689182893794,0.08541466166033367,0.26223020342497705,-0.26599250229234095,-0.15889867898201493,0.5526730621142755,0.010913602481769934,0.007588643047415113,-0.19992675370611795,0.6830180695341022,-0.16944608132795508,-0.03406159071958088,-0.1765667996296519,-0.058332516980483966,-0.06252533184059926,-0.14384276577695468,-0.23458527480468386,-0.2840700157397838,-0.23335980360057643,0.7107877714555776,-0.17690128262760785,-0.12213355689602147,-0.17122033569046302,-0.20679124425026002,-0.13292472404718417,-0.19073597006530174,-0.34597803986718106,-0.30371057063862733,-0.09862157969009261,-0.1017348900316491,-0.19717824499936765,0.06987124269894666,-0.17534349087545348,-0.16971378658861727,-0.2035465853548922,0.07063913439103586,-0.16630537743353183,-0.057187029482217724,-0.11414535444020203,-0.32064055886876125,-0.2797199429941525,-0.1549516066008874,-0.2224135894411259,-0.2791262544154875,-0.18595653530687273
V3_BusOnlyCarriers_HelsinkiMedium,0.26953374817199255,0.36244974007056846,0.06305720581956153,0.6111781597892538,0.23828531177355097,0.5601518751293568,0.5466604308379078,-0.25336784375911736,-0.5263759337710752,-0.08429138681640982,-0.041771094877082325,-0.390170183975314,-0.07481654671816819,0.2757412084715193,0.29064689182893794,1.0,0.5778703420490616,0.2674569039811331,-0.44306396447320756,-0.28257628383100114,0.17072517225553263,-0.0648500344352687,-0.04959244951397598,-0.2646512738298011,0.05778148451090472,-0.31476051936915467,-0.10700090303222284,-0.3728168093991442,-0.12273193599424145,-0.18532917706471122,-0.28882770980871914,-0.3433799532282263,-0.531177817144257,0.4332390587619566,-0.02828323763333714,-0.39391677676187065,-0.35719350595768673,-0.11080106495675479,-0.3561446100056818,-0.26867251713475593,-0.5328917887170846,-0.5758021470468385,-0.5726606916549194,0.31124658113186005,-0.05348758555384964,-0.37571295435363045,-0.07084683768162514,0.24203341523216892,0.27649560020412833,0.17925958208244472,-0.1565506869798039,-0.3817537204917742,-0.14337796723283214,-0.01818932660313107,-0.5172874221982383,-0.5310225829284023,-0.41342587601582875,0.28359982898881697,0.07455481440011212,-0.4355147910392054
V4_CarOwnership_0_HelsinkiMedium,0.40698196352406013,0.31652810695315153,0.4864540626375501,0.8644657472110979,0.4982300016966411,0.6402216250215743,0.8062120269822408,-0.25067921743193883,-0.479668217258454,0.005932488186870494,0.24604935530262154,-0.4404380255153151,-0.06564842314912396,0.039375526086841174,0.08541466166033367,0.5778703420490616,1.0,0.3759890589960844,-0.6613960236772751,-0.5198676923308385,-0.007320357875515976,-0.24764527137032086,-0.21306526002216009,-0.44576875863412224,-0.20726497587771636,-0.3497074480877139,-0.2194677928996706,-0.43412028353263354,-0.2027051224162895,-0.23987439317050543,-0.24626544276602644,-0.30479629411268094,-0.4714435243085336,0.30021762421323545,-0.09301501033345011,-0.29157948350232277,-0.16172849881616008,-0.08537257389986937,-0.38415893356406905,-0.12694687519486964,-0.3566507155645868,-0.4944526801866725,-0.5257000679129505,0.24696922128450596,-0.139942086158075,-0.3727409820438525,-0.11034206389731246,0.19507105304486264,0.16316147088193622,0.2010591321741858,-0.25371745447843763,-0.49578482117593775,-0.22319625175377586,-0.21312652753735495,-0.41229647386783913,-0.5727332174504564,-0.62089121429365,0.08151168184365802,0.2947413464531027,-0.4532477670026012
V5_CarOwnership_100_HelsinkiMedium,0.6203468204777236,0.47874946791669976,0.644341586054785,0.3803952091390389,0.5789385771383017,0.31687018019313734,0.3652834305567728,-0.1700797846522563,-0.389818653927421,-0.32180903547172157,-0.2032139130702775,-0.3251910204256051,-0.000989945724477272,0.19310624979224777,0.26223020342497705,0.2674569039811331,0.3759890589960844,1.0,-0.3510750301637,-0.271379992973112,0.23672968171710895,-0.08702315902162587,-0.03743820330016487,-0.303309447623588,-0.047342747800258496,-0.2286725956525788,-0.12788978355375974,-0.23622582526275765,-0.11375744770025485,-0.13460027525643814,-0.04264590360933161,-0.16542414872950234,-0.2855084664343069,-0.2579560063369434,0.10592507253987678,-0.1412996543479428,-0.04073019618068144,-0.091312379488086,-0.23765728033224062,0.06994195641214329,-0.04695040765358244,-0.3283088305458761,-0.2340206554551739,-0.05606798241725733,-0.03677338317144226,-0.17316032577931198,-0.04237700779241437,-0.24100043320575393,-0.26079391746720587,-0.24503515168261195,-0.008983862113441666,-0.2374068200067888,-0.11744305542113473,-0.1829823130425812,-0.304359750696595,-0.33963367694003016,-0.23499337014204805,-0.26380122282787416,-0.31206207502402544,-0.18833558411985368
R10_TinyRange_5m,-0.40537246574554703,-0.2615392199672877,-0.5990170858100241,-0.6891735916895512,-0.522304669953905,-0.6188321308055372,-0.6930022374432195,0.17780157673583954,0.36178906266724126,0.16756384547462272,-0.24300738596429264,0.4208385114043862,-0.2010723822673068,-0.17259219216708419,-0.26599250229234095,-0.44306396447320756,-0.6613960236772751,-0.3510750301637,1.0,0.820540503168149,-0.08473426154865493,0.48378157300963776,0.04705302188687909,0.662342907905484,0.17131097409230492,0.24104051239115765,0.22500901333774756,0.64678339504977,0.18110077786953546,0.12619269366685032,0.02871350158688902,0.32894397215452326,0.33414201513567654,-0.35295881494950254,-0.07891061470256337,0.06974357103340238,-0.13084034209269,0.1153803673199927,0.3473490014372008,-0.05112187841256993,0.39056692906713786,0.3524085873346288,0.7641368040685681,-0.17937835610349395,0.000929945364072182,0.5658287128527215,0.00740731368700037,-0.009642314126415948,-0.09391981812253301,-0.1661844991349446,0.2431115773629039,0.7607471830176685,0.17143700931422612,0.26365031778470444,0.30250649173837135,0.4130600393823627,0.8132198841595273,0.15045816697153291,-0.14562682055079593,0.6901193831324239
R11_SpeedExtremeLow,-0.3035650345382013,0.014747218395463769,-0.4728169586314299,-0.5491181907585356,-0.37559934052099364,-0.48975162479807927,-0.5497273638832435,0.05427662649357218,0.21431160096864124,0.13730954650683877,-0.3295083024088806,0.34223434804812003,-0.25510956485554065,-0.05588984045165146,-0.15889867898201493,-0.28257628383100114,-0.5198676923308385,-0.271379992973112,0.820540503168149,1.0,-0.22251901302986826,0.8414412743450276,0.10913585014433978,0.8040750711630977,0.2734971381113359,0.22081678443534003,0.42471301274966394,0.7473765438937127,0.12436720448933478,0.11238854347960114,-0.07578286485506534,0.05752115034754193,0.3560740801253979,-0.3525292528840654,0.024563786511425382,-0.005367572675391889,-0.12553916038253998,-0.10512786569843596,0.27529608453302573,-0.0919598828781139,0.08401362457859167,0.16882865970041352,0.5961005438000826,-0.2181562808737644,-0.000860624337467601,0.30458682779122614,-0.07059572751196402,-0.05103133367033519,-0.07161826058705566,-0.2082039264648476,0.059088877709661716,0.47051745345943463,0.12874489841118247,0.16634781956690461,0.17177177430361656,0.2965800989355842,0.5882246479237633,0.10660432920499657,-0.12686307291899993,0.4836269926781508
R12_SpeedExtremeHigh,0.22084171844539222,0.1321317051025602,0.07768584779115349,-0.01817589070483192,0.1578523455374666,-0.016526035112757135,-0.03807794187429534,-0.011671660406721462,-0.21652367429472955,-0.21744217996431878,-0.14046540517201267,-0.1474131955461476,0.0979145961638028,0.42808714345368937,0.5526730621142755,0.17072517225553263,-0.007320357875515976,0.23672968171710895,-0.08473426154865493,-0.22251901302986826,1.0,-0.22717253804386472,-0.10910809366422085,-0.23444645842073694,-0.05086359962461066,-0.13809917311036365,-0.14215894161398004,-0.16595496098060689,0.013458503049208917,0.043892894179916146,0.02219724055199644,-0.09502641493727672,-0.14266000371520726,-0.1715838546076268,-0.044720835400199305,-0.052887148944559224,-0.001452105969427748,-0.2007275890326798,-0.1182741110103053,-0.2201075175338764,0.22049833944533534,-0.10586054852555142,-0.05644894031466976,0.07239016689168229,-0.1776299653358971,0.004120211195304416,0.2184730528883251,-0.11802095506324564,-0.12827323876260094,-0.15462192985244955,0.3540871224873112,0.1370422851716759,-0.011056539629295552,0.014049649698304053,-0.17696912296748601,-0.06422299889399669,0.16134451126489613,-0.1080304464472841,-0.2415820846035236,0.07260062412319447
R1_Rural_RandomWaypoint,-0.09623627851776019,0.2743695446947875,-0.214846960729505,-0.2589737441197473,-0.13470733477549637,-0.23060597208179967,-0.2653885046231354,-0.11503601418738821,-0.1258785863358957,-0.096626481576845,-0.3263965678014636,-0.04409724524471643,-0.20520462828843522,0.07517215903097864,0.010913602481769934,-0.0648500344352687,-0.24764527137032086,-0.08702315902162587,0.48378157300963776,0.8414412743450276,-0.22717253804386472,1.0,-0.026219175835627648,0.523549380486019,0.2451476612697035,0.22439915497476717,0.43493224675616027,0.6599455173591433,0.04530652383516832,0.026645944492493374,-0.1102702124154827,0.04364488015953067,0.15034749631949357,-0.26102055242291955,0.10433712346783044,4.948205503916263e-05,-0.09713084162188204,-0.0550643468514501,0.18317208726887563,-0.04684011481294651,-0.1761469507187977,-0.10045621202194902,0.29086105916433413,-0.16911562828139357,-0.05280188277725118,0.14176877595753856,-0.09866913321223293,-0.07946482068282476,-0.019844380448379727,-0.18720997480548268,-0.08597289216679707,0.14272602308963,0.04296580968502742,0.04739796055145477,0.03312338927693346,0.051622162229170765,0.22449333728772794,0.005686918806023498,-0.1198576427747077,0.22317174661945405
R2_VillagesTrails_ThreeClusters,-0.05138173156756809,0.010404202368010897,-0.1430360919184437,-0.2354255672650752,-0.07611041457603722,-0.20844760073247337,-0.24033721596694918,-0.046416808441593724,-0.06775661443101354,-0.0746464728969602,-0.2106033392578852,0.08270631609100813,-0.08319213747459966,0.06580531374377777,0.007588643047415113,-0.04959244951397598,-0.21306526002216009,-0.03743820330016487,0.04705302188687909,0.10913585014433978,-0.10910809366422085,-0.026219175835627648,1.0,0.09351158137927297,0.2409614626900252,-0.19432173377139794,0.0009149104931031384,0.0011667030050488507,0.016960514024224823,-0.00900829130380875,0.596192557084175,0.137969665976922,0.036276799138186266,-0.24669863721393243,0.17859836532211248,-0.2184716633039452,-0.1206331678844851,0.1558229169525765,-0.10319988589002313,0.5959674146743803,0.000752786586343863,-0.014820673933717934,0.04796456397718392,-0.1453114472989169,0.5853302903596848,-0.15356630575682614,-0.07335543586050143,-0.11335411171264752,-0.23666977588293542,-0.19950228980442877,-0.017990215365671226,0.0655661479671006,0.024057274243176646,0.004645037235922218,-0.15315138365756853,0.015711576894072616,0.18405281891939657,-0.04987830997746518,-0.1735517292165966,0.04609706562557782
R3_WildlifeTracking,-0.32186273132089055,-0.08346250981951002,-0.44274152534895944,-0.4839827848459511,-0.35625560576279625,-0.42336655833063247,-0.463953460984331,0.38026700905874533,0.4689021523513706,0.3940846621395016,-0.26768596332980954,0.5947724239529578,-0.21987366620117205,-0.10285467975091976,-0.19992675370611795,-0.2646512738298011,-0.44576875863412224,-0.303309447623588,0.662342907905484,0.8040750711630977,-0.23444645842073694,0.523549380486019,0.09351158137927297,1.0,0.18620735613722036,0.13275159547938473,0.31478737683590663,0.5280739421463428,0.06122075062323785,0.047648527950905614,-0.14598890580421506,0.014614701670619972,0.3071898558324394,-0.30401889026943113,-0.0730057607841761,-0.05816016959064965,-0.16958070264709235,-0.09320885531597868,0.17312776199888383,-0.1255209882965631,-0.0072118481135078905,0.16284750193408284,0.4544234874275651,-0.25497570403241027,0.05269157918915724,0.18770354964407857,-0.06937221223401448,-0.04467820215364031,-0.016832541513178697,-0.15506349955065205,0.06396944973011463,0.29070128725003264,0.12437933520374626,0.06344802945059796,0.16490138703431637,0.2603875882299306,0.3729816195102834,0.04941027669747412,-0.11664525096047958,0.27197202067374054
R4_ParkRangers_HelsinkiMedium,-0.06085042826723265,0.1140873525760355,-0.26473724806148646,-0.2236969335056014,-0.10467240892223777,-0.19950683331966795,-0.22969181347174428,-0.03893879986801743,-0.13725607244390797,-0.1156285296492855,-0.29450751547145876,-0.02389123185591368,-0.09017109434074268,0.764269740212644,0.6830180695341022,0.05778148451090472,-0.20726497587771636,-0.047342747800258496,0.17131097409230492,0.2734971381113359,-0.05086359962461066,0.2451476612697035,0.2409614626900252,0.18620735613722036,1.0,-0.033279273820907354,0.12255158976049861,0.14807089420070296,0.029840236711903195,0.0048679565857510975,-0.17677220209815941,-0.21498830135678848,-0.054341476573401444,-0.27999190715369937,0.8539599787495167,-0.17867957794724276,-0.2016689866015066,-0.15488063752083167,-0.03162685306884047,-0.10387661767327583,-0.18892737991028535,-0.10658606091819112,0.00018250151203764973,-0.2529645771106203,0.031449980209852964,-0.05989108123477959,-0.029895293791127483,-0.09266769199531498,-0.12899732852792675,-0.18022824621256064,-0.007264305210978769,0.09178974792891709,0.034424220797849875,0.00927945504064818,-0.11564826889701077,-0.005706304133244975,0.15142976385061369,-0.06720945081830691,-0.18112386805831385,0.04247944830722596
R5_MountainRescue,-0.19333020905019224,-0.19726074822530448,-0.19183174260124566,-0.31331009817942324,-0.17201151718875346,-0.3057571808887606,-0.28101372723717194,-0.03358705749563777,0.28135382649880447,-0.3479712423664338,0.20586129857959373,0.05608961301562246,0.09053151191883282,-0.14221501931088795,-0.16944608132795508,-0.31476051936915467,-0.3497074480877139,-0.2286725956525788,0.24104051239115765,0.22081678443534003,-0.13809917311036365,0.22439915497476717,-0.19432173377139794,0.13275159547938473,-0.033279273820907354,1.0,0.10151255283067386,0.29843622502434236,0.04857777447070994,0.04816675875980147,-0.12303038501600486,0.1542990918969656,0.40464201052124765,0.0036060457446452357,-0.17304109425682826,0.9258983481030485,0.745393499542931,0.004168808871880706,0.4450779807975006,-0.1981177240274413,-0.1105133813313648,0.4378670529947172,0.07986837465469107,-0.3072604148402916,-0.11076463016624283,0.10745328613330994,0.23415841196757978,-0.1525701654094671,0.11355343612212665,-0.025503784257913904,-0.08768002311299612,0.15279651558385365,-0.012600996400828757,0.057704971690518,0.8011526804759977,0.44619303159926976,0.08894220839301037,-0.179585493822111,-0.04807914951204179,0.08518817874639711
R6_SparseLongRange,-0.20199290057276234,0.062006344134953,-0.22627285617843204,-0.3389569812506861,-0.17228312387532047,-0.2159535494681476,-0.20018301351820142,-0.026782082053108787,0.014634651002079151,-0.04638079192728598,-0.2552201780292526,0.06405817799582275,-0.12951982287883745,0.10094784733736538,-0.03406159071958088,-0.10700090303222284,-0.2194677928996706,-0.12788978355375974,0.22500901333774756,0.42471301274966394,-0.14215894161398004,0.43493224675616027,0.0009149104931031384,0.31478737683590663,0.12255158976049861,0.10151255283067386,1.0,0.3669922743045829,0.04155356559125524,0.7314101657925005,-0.10945796756254866,-0.04295440330388311,0.05609449721443947,-0.19663446922060282,-0.009185299260551564,-0.05772175302704661,-0.12300499169530127,-0.1094405772512428,-0.1432147782704266,-0.11077424269931815,-0.10818663317115712,-0.08720788138304256,0.17878088332052464,-0.15365258464393988,-0.03985915325055821,0.3063161976271283,-0.34663976502807853,-0.06666195681973187,-0.10685176180587345,-0.02093053761008534,0.28472109721148536,0.04925665670943316,0.008499148725602403,0.012081908778897879,0.038017175398057386,0.1598804225333993,0.04521795708432199,-0.012930338056688253,-0.03194926160918987,0.15709803278215498
R7_SparseTinyBuffer,-0.2675104275439157,-0.07856604309006959,-0.20465216024303948,-0.5117105744744695,-0.30707661232864736,-0.4915048980340942,-0.48654088052109107,0.10106119571611882,0.1854899075291754,0.006957966994908401,-0.3077298549607697,0.1658305386579859,-0.21323946524931683,-0.030420233257895803,-0.1765667996296519,-0.3728168093991442,-0.43412028353263354,-0.23622582526275765,0.64678339504977,0.7473765438937127,-0.16595496098060689,0.6599455173591433,0.0011667030050488507,0.5280739421463428,0.14807089420070296,0.29843622502434236,0.3669922743045829,1.0,0.14000904653973448,0.12913586905017965,-0.03418709386805451,0.10585626048326369,0.39744885440341693,-0.2727492479863209,-0.01619780417619078,0.11993718326692882,0.15962614963698174,-0.08204993361556177,0.20306425943695552,-0.08480532821978964,0.3317187041907,0.35939149941484433,0.7601067928493782,-0.21993781156084133,-0.07145754312187058,0.47411349933565927,0.09099088150533452,-0.5057857771202112,0.18295358623063776,-0.5337579815287673,0.12819714259124917,0.6644980601853107,0.11687116493675559,0.16728914252306934,0.5255160507265758,0.3952015380916473,0.41931078622319606,0.006024127677199455,-0.1572989200352654,0.7726294892164219
R8_IntermittentPower,-0.13219056852670516,-0.07072190512286487,-0.15400952032602122,-0.22485932918990623,-0.1299558335188024,-0.19213033043233377,-0.20946179840312373,-0.010002557831848113,0.017765508127147497,-0.04197743475042007,-0.07383049882315135,0.044601642699839676,-0.06711988294768281,-0.01062560783706827,-0.058332516980483966,-0.12273193599424145,-0.2027051224162895,-0.11375744770025485,0.18110077786953546,0.12436720448933478,0.013458503049208917,0.04530652383516832,0.016960514024224823,0.06122075062323785,0.029840236711903195,0.04857777447070994,0.04155356559125524,0.14000904653973448,1.0,0.018530043057385006,-0.007970392024937996,-0.016446606898617055,0.059786821938894744,-0.09848128088564884,-0.02807411329218492,0.024191754921260716,0.01853163015218252,-0.07070721745742994,0.002362496118412358,-0.06919216432659946,0.12195295196287541,0.07908890585775456,0.16137242288216894,-0.042799847950595105,-0.041538611980877944,0.14866001245980198,-0.019844086436744568,-0.06341208880184877,-0.02707198380929857,-0.07883044187700648,0.13746407047531908,0.19472385944046933,0.024874084437175183,0.03464351320710957,0.08620773338378206,0.11488335247824648,0.19031206214049196,0.026211753772617835,-0.04762232600717082,0.19714852446411385
R9_ExtremeRange_200m,-0.17319945898330028,-0.09771268486033839,-0.2041439148435079,-0.316569543946126,-0.19039328516461781,-0.27664869911183926,-0.28341502053069617,0.03601941960887961,0.0595944967277193,-0.05849660766808025,-0.07096553508491885,0.008870869569563032,0.155800430445348,-0.0679283970252262,-0.06252533184059926,-0.18532917706471122,-0.23987439317050543,-0.13460027525643814,0.12619269366685032,0.11238854347960114,0.043892894179916146,0.026645944492493374,-0.00900829130380875,0.047648527950905614,0.0048679565857510975,0.04816675875980147,0.7314101657925005,0.12913586905017965,0.018530043057385006,1.0,-0.029684671759817406,-0.03535612472263962,0.02265417011703626,-0.1483135980730053,-0.0578751724032669,-0.0039995849369267745,-0.029507058445639927,-0.10154211253695046,0.09580364598344833,-0.09862009208695371,0.1326932965547998,0.08652429747005659,0.18912247301796786,-0.0625913134330332,-0.07172002211256281,0.09050305625504103,0.07138294585684254,-0.07630407512873053,-0.09785541115721205,-0.09947803101338833,0.08999293549124214,0.20967155337971138,0.016558914453476323,0.014184420018740642,0.020183889924850096,0.14509788370653992,0.18358367360705208,0.0026077482726487794,-0.07928793951175361,0.14417055307876608
D1_ShelterHotspots_Clusters,-0.0648368941407057,-0.12850223360489707,0.01224842016287067,-0.26370058613906056,-0.09448509687069755,-0.23373231790042093,-0.2682491443329054,-0.02361122579678243,-0.11523406629647294,-0.17890550611348693,-0.07939207849665288,-0.07535463950981515,-0.053525098247800974,-0.1699910213105183,-0.14384276577695468,-0.28882770980871914,-0.24626544276602644,-0.04264590360933161,0.02871350158688902,-0.07578286485506534,0.02219724055199644,-0.1102702124154827,0.596192557084175,-0.14598890580421506,-0.17677220209815941,-0.12303038501600486,-0.10945796756254866,-0.03418709386805451,-0.007970392024937996,-0.029684671759817406,1.0,0.54012416558393,-0.0553720974072387,-0.14352856986415485,0.02501384051861395,-0.011930227261348413,0.05240062119333322,0.39945069249109016,-0.04546803984224202,0.8056099346088612,0.3287390582788629,-0.003858562454518001,0.1697564952796463,0.10546494507624656,0.6492271481458172,0.08945245956529005,-0.016940350788870386,-0.1366011297482922,-0.21694382301293413,-0.17589628004407915,0.11873411709142823,0.1252744646248101,-0.025915679622976303,-0.002086023386383759,-0.06932070368947199,-0.038527324406010914,0.16681752829031904,-0.07777193726425102,-0.20722713457258396,0.15620458730564557
