,U10_WorkdayLong_HelsinkiMedium,U11_OfficeWaitHeavyTail_HelsinkiMedium,U12_HighTimeVariance_HelsinkiMedium,U1_CBD_Commuting_HelsinkiMedium,U2_RetailHeavy_HelsinkiMedium,U3_NightlifeClusters_HelsinkiMedium,U4_RainyDay_SlowMobility_HelsinkiMedium,U5_SparseSuburb_HelsinkiMedium,U6_DenseDowntown_HelsinkiMedium,U7_MicroMobility_HelsinkiMedium,U8_CongestionHotspot_HelsinkiMedium,U9_WorkdayShort_HelsinkiMedium,C1_Campus_ClassChange,C2_ExamDay_LongStays,C3_Hackathon_24h,C4_Stadium_IngressEgress,C5_Festival_MultiHotspots_HelsinkiMedium,C6_Conference_Networking_HelsinkiMedium,C7_Library_Quiet,C8_EmergencyDrill_Evacuation,V1_TaxiLow_HelsinkiMedium,V2_TaxiHigh_HelsinkiMedium,V3_BusOnlyCarriers_HelsinkiMedium,V4_MixedBusPed_HelsinkiMedium,V5_RushHourBusDensity_HelsinkiMedium,V6_CarOwnership_0_HelsinkiMedium,V7_CarOwnership_100_HelsinkiMedium,V8_RoadClosure_HelsinkiMedium,R1_Rural_RandomWaypoint,R2_VillagesTrails_ThreeClusters,R3_WildlifeTracking,R4_ParkRangers_HelsinkiMedium,R5_MountainRescue,R6_SparseLongRange,R7_SparseTinyBuffer,R8_IntermittentPower,D1_ShelterHotspots_Clusters,D2_PartitionedCity_MuleBridge,D3_Aftershock_ErraticMobility,D4_MedicalTriage_TwoClasses,D5_UAVMule_FastRoute_HelsinkiMedium,D6_ShortTtlCritical_5to10min,D7_HighLoad_TrafficStorm,D8_InfrastructureReturns_BackboneLinks,S1_StrongCommunities_SeparateClusters,S2_WeakCommunities_HighMixing,S3_PeriodicMeetings_RegularRhythm,S4_RandomMixing_NoHotspots,S5_TwoLayer_StudentsStaff,S6_FamilyGroups_SmallPersistent,T10_HighRateLowSpeed_Congestion,T1_ManySmallMsgs_HighRate,T2_FewHugeMsgs_LowRate,T3_MixedBimodal_SmallAndLarge,T4_VeryShortTtl_5to10min,T5_VeryLongTtl_6to24h,T6_UniformSources_RandomFromTo,T7_TargetedToHubs_FewDestinations,T8_BurstTraffic_TimeWindows,T9_BufferStress_SmallBufferHighTraffic
U10_WorkdayLong_HelsinkiMedium,1.0,1.0,1.0,1.0,1.0,1.0,0.9972617743702081,0.8477546549835706,0.97973713033954,0.8674698795180723,1.0,1.0,-0.37897042716319823,-0.4704271631982475,-0.47535596933187296,-0.447364822809097,0.9967141292442497,0.9786418400876232,-0.4649507119386637,0.08981380065717415,0.3614457831325301,0.3784227820372399,0.6533406352683461,1.0,1.0,1.0,1.0,1.0,-0.15717415115005476,-0.2907995618838992,-0.2858707557502738,-0.0312157721796276,-0.25848849945235486,-0.244249726177437,-0.18674698795180722,-0.3784227820372399,-0.16046002190580505,-0.13855421686746988,-0.12814895947426067,-0.45941136638535174,0.2907995618838992,-0.21796276013143484,-0.20536692223439212,-0.04107338444687842,0.11336254107338445,-0.07776560788608981,-0.33187294633077763,-0.11171960569550932,-0.1511500547645126,-0.3017524644030668,-0.41018619934282585,-0.3833515881708653,-0.4173055859802848,-0.4550930996714129,-0.47480832420591457,-0.5060240963855421,-0.3822562979189485,-0.47885010715612647,-0.5284052068675381,-0.42168674698795183
U11_OfficeWaitHeavyTail_HelsinkiMedium,1.0,1.0,1.0,1.0,1.0,1.0,0.9972617743702081,0.8477546549835706,0.97973713033954,0.8674698795180723,1.0,1.0,-0.37897042716319823,-0.4704271631982475,-0.47535596933187296,-0.447364822809097,0.9967141292442497,0.9786418400876232,-0.4649507119386637,0.08981380065717415,0.3614457831325301,0.3784227820372399,0.6533406352683461,1.0,1.0,1.0,1.0,1.0,-0.15717415115005476,-0.2907995618838992,-0.2858707557502738,-0.0312157721796276,-0.25848849945235486,-0.244249726177437,-0.18674698795180722,-0.3784227820372399,-0.16046002190580505,-0.13855421686746988,-0.12814895947426067,-0.45941136638535174,0.2907995618838992,-0.21796276013143484,-0.20536692223439212,-0.04107338444687842,0.11336254107338445,-0.07776560788608981,-0.33187294633077763,-0.11171960569550932,-0.1511500547645126,-0.3017524644030668,-0.41018619934282585,-0.3833515881708653,-0.4173055859802848,-0.4550930996714129,-0.47480832420591457,-0.5060240963855421,-0.3822562979189485,-0.47885010715612647,-0.5284052068675381,-0.42168674698795183
U12_HighTimeVariance_HelsinkiMedium,1.0,1.0,1.0,1.0,1.0,1.0,0.9972617743702081,0.8477546549835706,0.97973713033954,0.8674698795180723,1.0,1.0,-0.37897042716319823,-0.4704271631982475,-0.47535596933187296,-0.447364822809097,0.9967141292442497,0.9786418400876232,-0.4649507119386637,0.08981380065717415,0.3614457831325301,0.3784227820372399,0.6533406352683461,1.0,1.0,1.0,1.0,1.0,-0.15717415115005476,-0.2907995618838992,-0.2858707557502738,-0.0312157721796276,-0.25848849945235486,-0.244249726177437,-0.18674698795180722,-0.3784227820372399,-0.16046002190580505,-0.13855421686746988,-0.12814895947426067,-0.45941136638535174,0.2907995618838992,-0.21796276013143484,-0.20536692223439212,-0.04107338444687842,0.11336254107338445,-0.07776560788608981,-0.33187294633077763,-0.11171960569550932,-0.1511500547645126,-0.3017524644030668,-0.41018619934282585,-0.3833515881708653,-0.4173055859802848,-0.4550930996714129,-0.47480832420591457,-0.5060240963855421,-0.3822562979189485,-0.47885010715612647,-0.5284052068675381,-0.42168674698795183
U1_CBD_Commuting_HelsinkiMedium,1.0,1.0,1.0,1.0,1.0,1.0,0.9972617743702081,0.8477546549835706,0.97973713033954,0.8674698795180723,1.0,1.0,-0.37897042716319823,-0.4704271631982475,-0.47535596933187296,-0.447364822809097,0.9967141292442497,0.9786418400876232,-0.4649507119386637,0.08981380065717415,0.3614457831325301,0.3784227820372399,0.6533406352683461,1.0,1.0,1.0,1.0,1.0,-0.15717415115005476,-0.2907995618838992,-0.2858707557502738,-0.0312157721796276,-0.25848849945235486,-0.244249726177437,-0.18674698795180722,-0.3784227820372399,-0.16046002190580505,-0.13855421686746988,-0.12814895947426067,-0.45941136638535174,0.2907995618838992,-0.21796276013143484,-0.20536692223439212,-0.04107338444687842,0.11336254107338445,-0.07776560788608981,-0.33187294633077763,-0.11171960569550932,-0.1511500547645126,-0.3017524644030668,-0.41018619934282585,-0.3833515881708653,-0.4173055859802848,-0.4550930996714129,-0.47480832420591457,-0.5060240963855421,-0.3822562979189485,-0.47885010715612647,-0.5284052068675381,-0.42168674698795183
U2_RetailHeavy_HelsinkiMedium,1.0,1.0,1.0,1.0,1.0,1.0,0.9972617743702081,0.8477546549835706,0.97973713033954,0.8674698795180723,1.0,1.0,-0.37897042716319823,-0.4704271631982475,-0.47535596933187296,-0.447364822809097,0.9967141292442497,0.9786418400876232,-0.4649507119386637,0.08981380065717415,0.3614457831325301,0.3784227820372399,0.6533406352683461,1.0,1.0,1.0,1.0,1.0,-0.15717415115005476,-0.2907995618838992,-0.2858707557502738,-0.0312157721796276,-0.25848849945235486,-0.244249726177437,-0.18674698795180722,-0.3784227820372399,-0.16046002190580505,-0.13855421686746988,-0.12814895947426067,-0.45941136638535174,0.2907995618838992,-0.21796276013143484,-0.20536692223439212,-0.04107338444687842,0.11336254107338445,-0.07776560788608981,-0.33187294633077763,-0.11171960569550932,-0.1511500547645126,-0.3017524644030668,-0.41018619934282585,-0.3833515881708653,-0.4173055859802848,-0.4550930996714129,-0.47480832420591457,-0.5060240963855421,-0.3822562979189485,-0.47885010715612647,-0.5284052068675381,-0.42168674698795183
U3_NightlifeClusters_HelsinkiMedium,1.0,1.0,1.0,1.0,1.0,1.0,0.9972617743702081,0.8477546549835706,0.97973713033954,0.8674698795180723,1.0,1.0,-0.37897042716319823,-0.4704271631982475,-0.47535596933187296,-0.447364822809097,0.9967141292442497,0.9786418400876232,-0.4649507119386637,0.08981380065717415,0.3614457831325301,0.3784227820372399,0.6533406352683461,1.0,1.0,1.0,1.0,1.0,-0.15717415115005476,-0.2907995618838992,-0.2858707557502738,-0.0312157721796276,-0.25848849945235486,-0.244249726177437,-0.18674698795180722,-0.3784227820372399,-0.16046002190580505,-0.13855421686746988,-0.12814895947426067,-0.45941136638535174,0.2907995618838992,-0.21796276013143484,-0.20536692223439212,-0.04107338444687842,0.11336254107338445,-0.07776560788608981,-0.33187294633077763,-0.11171960569550932,-0.1511500547645126,-0.3017524644030668,-0.41018619934282585,-0.3833515881708653,-0.4173055859802848,-0.4550930996714129,-0.47480832420591457,-0.5060240963855421,-0.3822562979189485,-0.47885010715612647,-0.5284052068675381,-0.42168674698795183
U4_RainyDay_SlowMobility_HelsinkiMedium,0.9972617743702081,0.9972617743702081,0.9972617743702081,0.9972617743702081,0.9972617743702081,0.9972617743702081,1.0,0.8373493975903614,0.9775465498357064,0.8669222343921139,0.9972617743702081,0.9972617743702081,-0.384446878422782,-0.4720700985761227,-0.4764512595837897,-0.447912392971654,0.9961664841182913,0.9748083242059146,-0.4654983570646221,0.08488499452354874,0.35049288061336253,0.3652792990142388,0.6423877327491785,0.9972617743702081,0.9972617743702081,0.9972617743702081,0.9972617743702081,0.9972617743702081,-0.1533406352683461,-0.2732749178532311,-0.28148959474260676,-0.01588170865279299,-0.25629791894852133,-0.23986856516976998,-0.1829134720700986,-0.36856516976998904,-0.14950711938663747,-0.12376779846659365,-0.11610076670317634,-0.46105407687302286,0.31161007667031765,-0.20810514786418402,-0.19715224534501644,-0.013691128148959474,0.1429353778751369,-0.07886089813800658,-0.3209200438116101,-0.0963855421686747,-0.13745892661555312,-0.28258488499452356,-0.40525739320920046,-0.3784227820372399,-0.4123767798466594,-0.45016429353778753,-0.4687842278203724,-0.5010952902519168,-0.37623220153340636,-0.4733744055305561,-0.5245722157296389,-0.4167579408543264
U5_SparseSuburb_HelsinkiMedium,0.8477546549835706,0.8477546549835706,0.8477546549835706,0.8477546549835706,0.8477546549835706,0.8477546549835706,0.8373493975903614,1.0,0.7924424972617744,0.6807228915662651,0.8477546549835706,0.8477546549835706,-0.43811610076670315,-0.39156626506024095,-0.3548740416210296,-0.5897330650739259,0.8762322015334063,0.9337349397590361,-0.3723986856516977,-0.07721796276013143,0.5974808324205915,0.5985761226725083,0.8515881708652793,0.8477546549835706,0.8477546549835706,0.8477546549835706,0.8477546549835706,0.8477546549835706,0.10843373493975904,-0.10460021905805038,-0.025191675794085433,0.23603504928806135,-0.04271631982475356,0.0032858707557502738,0.04107338444687842,-0.1774370208105148,-0.26451259583789705,-0.19058050383351588,-0.1221248630887185,-0.37125257021366925,0.3466593647316539,-0.21467688937568455,-0.34063526834611174,-0.11391018619934283,0.04271631982475356,-0.23110624315443593,-0.3181818181818182,-0.1615553121577218,-0.28806133625410735,-0.14129244249726178,-0.2677984665936473,-0.22836801752464403,-0.24863088718510407,-0.29572836801752467,-0.3258488499452355,-0.3548740416210296,-0.21905805038335158,-0.33100616326572724,-0.3849418242775951,-0.27984665936473163
U6_DenseDowntown_HelsinkiMedium,0.97973713033954,0.97973713033954,0.97973713033954,0.97973713033954,0.97973713033954,0.97973713033954,0.9775465498357064,0.7924424972617744,1.0,0.8548740416210295,0.97973713033954,0.97973713033954,-0.34501642935377874,-0.4649507119386637,-0.4693318729463308,-0.40191649931686313,0.9715224534501643,0.943592552026287,-0.4589266155531216,0.10898138006571742,0.32858707557502737,0.34556407447973714,0.6056955093099672,0.97973713033954,0.97973713033954,0.97973713033954,0.97973713033954,0.97973713033954,-0.1714129244249726,-0.30503833515881706,-0.296276013143483,-0.04381161007667032,-0.2787513691128149,-0.31051478641840086,-0.20427163198247536,-0.380065717415115,-0.14074479737130338,-0.11664841182913473,-0.12157721796276014,-0.4533880945972244,0.30558598028477546,-0.22179627601314347,-0.19112814895947425,-0.0104052573932092,0.13855421686746988,-0.05585980284775466,-0.3307776560788609,-0.09419496166484119,-0.1248630887185104,-0.31051478641840086,-0.42332968236582696,-0.39759036144578314,-0.42004381161007665,-0.4578313253012048,-0.4846659364731654,-0.5098576122672508,-0.39211391018619934,-0.4843258087816968,-0.5245722157296389,-0.4348302300109529
U7_MicroMobility_HelsinkiMedium,0.8674698795180723,0.8674698795180723,0.8674698795180723,0.8674698795180723,0.8674698795180723,0.8674698795180723,0.8669222343921139,0.6807228915662651,0.8548740416210295,1.0,0.8674698795180723,0.8674698795180723,-0.39266155531215774,-0.5213581599123768,-0.5153340635268346,-0.4331279985826141,0.8608981380065718,0.8242059145673604,-0.5169769989047097,0.055312157721796276,0.22727272727272727,0.24589266155531217,0.49178532311062434,0.8674698795180723,0.8674698795180723,0.8674698795180723,0.8674698795180723,0.8674698795180723,-0.24808324205914567,-0.37349397590361444,-0.32749178532311063,-0.13691128148959475,-0.3247535596933187,-0.28806133625410735,-0.07393209200438117,-0.46987951807228917,-0.18072289156626506,-0.17853231106243153,-0.20427163198247536,-0.4873374446757605,0.20974808324205915,-0.2738225629791895,-0.02135815991237678,-0.07119386637458927,0.07064622124863089,-0.11555312157721796,-0.4090909090909091,-0.18400876232201532,-0.18127053669222343,-0.3488499452354874,-0.5312157721796276,-0.4430449069003286,-0.5399780941949617,-0.49123767798466594,-0.5618838992332968,-0.5941949616648412,-0.46823658269441404,-0.5445585266629706,-0.5667351182465304,-0.2809419496166484
U8_CongestionHotspot_HelsinkiMedium,1.0,1.0,1.0,1.0,1.0,1.0,0.9972617743702081,0.8477546549835706,0.97973713033954,0.8674698795180723,1.0,1.0,-0.37897042716319823,-0.4704271631982475,-0.47535596933187296,-0.447364822809097,0.9967141292442497,0.9786418400876232,-0.4649507119386637,0.08981380065717415,0.3614457831325301,0.3784227820372399,0.6533406352683461,1.0,1.0,1.0,1.0,1.0,-0.15717415115005476,-0.2907995618838992,-0.2858707557502738,-0.0312157721796276,-0.25848849945235486,-0.244249726177437,-0.18674698795180722,-0.3784227820372399,-0.16046002190580505,-0.13855421686746988,-0.12814895947426067,-0.45941136638535174,0.2907995618838992,-0.21796276013143484,-0.20536692223439212,-0.04107338444687842,0.11336254107338445,-0.07776560788608981,-0.33187294633077763,-0.11171960569550932,-0.1511500547645126,-0.3017524644030668,-0.41018619934282585,-0.3833515881708653,-0.4173055859802848,-0.4550930996714129,-0.47480832420591457,-0.5060240963855421,-0.3822562979189485,-0.47885010715612647,-0.5284052068675381,-0.42168674698795183
U9_WorkdayShort_HelsinkiMedium,1.0,1.0,1.0,1.0,1.0,1.0,0.9972617743702081,0.8477546549835706,0.97973713033954,0.8674698795180723,1.0,1.0,-0.37897042716319823,-0.4704271631982475,-0.47535596933187296,-0.447364822809097,0.9967141292442497,0.9786418400876232,-0.4649507119386637,0.08981380065717415,0.3614457831325301,0.3784227820372399,0.6533406352683461,1.0,1.0,1.0,1.0,1.0,-0.15717415115005476,-0.2907995618838992,-0.2858707557502738,-0.0312157721796276,-0.25848849945235486,-0.244249726177437,-0.18674698795180722,-0.3784227820372399,-0.16046002190580505,-0.13855421686746988,-0.12814895947426067,-0.45941136638535174,0.2907995618838992,-0.21796276013143484,-0.20536692223439212,-0.04107338444687842,0.11336254107338445,-0.07776560788608981,-0.33187294633077763,-0.11171960569550932,-0.1511500547645126,-0.3017524644030668,-0.41018619934282585,-0.3833515881708653,-0.4173055859802848,-0.4550930996714129,-0.47480832420591457,-0.5060240963855421,-0.3822562979189485,-0.47885010715612647,-0.5284052068675381,-0.42168674698795183
C1_Campus_ClassChange,-0.37897042716319823,-0.37897042716319823,-0.37897042716319823,-0.37897042716319823,-0.37897042716319823,-0.37897042716319823,-0.384446878422782,-0.43811610076670315,-0.34501642935377874,-0.39266155531215774,-0.37897042716319823,-0.37897042716319823,1.0,0.836801752464403,0.8285870755750274,0.48459959386297535,-0.40963855421686746,-0.4079956188389923,0.8039430449069004,0.4550930996714129,-0.1588170865279299,-0.1593647316538883,-0.3203723986856517,-0.37897042716319823,-0.37897042716319823,-0.37897042716319823,-0.37897042716319823,-0.37897042716319823,0.3263964950711939,0.32420591456736036,0.42716319824753557,0.17907995618838993,0.21796276013143484,0.26889375684556405,0.23658269441401972,0.6456736035049289,0.5027382256297919,0.3515881708652793,0.5427163198247535,0.24859685380089355,0.07338444687842278,0.37677984665936476,0.49616648411829134,0.16703176341730558,0.13910186199342825,0.7606790799561884,0.8231106243154436,0.6681270536692223,0.7447973713033954,0.3253012048192771,0.5887185104052574,0.6577217962760131,0.7458926615553122,0.592552026286966,0.6117196056955093,0.6440306681270537,0.7447973713033954,0.5478439476383128,0.41122519208033276,0.5668127053669222
C2_ExamDay_LongStays,-0.4704271631982475,-0.4704271631982475,-0.4704271631982475,-0.4704271631982475,-0.4704271631982475,-0.4704271631982475,-0.4720700985761227,-0.39156626506024095,-0.4649507119386637,-0.5213581599123768,-0.4704271631982475,-0.4704271631982475,0.836801752464403,1.0,0.968236582694414,0.42765229695704376,-0.4813800657174151,-0.4408543263964951,0.9956188389923329,0.33461117196056955,-0.0963855421686747,-0.09419496166484119,-0.24917853231106243,-0.4704271631982475,-0.4704271631982475,-0.4704271631982475,-0.4704271631982475,-0.4704271631982475,0.49561883899233294,0.4945235487404162,0.5312157721796276,0.2809419496166484,0.2792990142387733,0.38170865279299016,0.4167579408543264,0.7951807228915663,0.395947426067908,0.27656078860898137,0.6746987951807228,0.26611909900271863,0.0038335158817086527,0.38116100766703176,0.4069003285870756,0.10240963855421686,0.0963855421686747,0.6073384446878423,0.8674698795180723,0.6752464403066812,0.6210295728368017,0.48028477546549836,0.7453450164293538,0.8504928806133626,0.7656078860898138,0.7480832420591457,0.6938663745892661,0.6653888280394304,0.8417305585980285,0.6562628398246055,0.5705681093844297,0.7322015334063526
C3_Hackathon_24h,-0.47535596933187296,-0.47535596933187296,-0.47535596933187296,-0.47535596933187296,-0.47535596933187296,-0.47535596933187296,-0.4764512595837897,-0.3548740416210296,-0.4693318729463308,-0.5153340635268346,-0.47535596933187296,-0.47535596933187296,0.8285870755750274,0.968236582694414,1.0,0.30116358940636884,-0.48083242059145676,-0.42825848849945236,0.9627601314348302,0.19879518072289157,-0.07995618838992333,-0.08926615553121577,-0.2157721796276013,-0.47535596933187296,-0.47535596933187296,-0.47535596933187296,-0.47535596933187296,-0.47535596933187296,0.5071193866374589,0.5377875136911281,0.5777656078860898,0.3154435925520263,0.21193866374589265,0.39430449069003287,0.41018619934282585,0.7902519167579408,0.37349397590361444,0.2623220153340635,0.6292442497261774,0.2814510635543156,0.018619934282584884,0.2634173055859803,0.26944140197152244,0.09419496166484119,0.09090909090909091,0.572289156626506,0.8658269441401971,0.6473165388828039,0.5930996714129244,0.5186199342825849,0.7360350492880613,0.8220153340635268,0.7951807228915663,0.7365826944140197,0.71960569550931,0.708105147864184,0.8521358159912377,0.6721423745387596,0.5623545569460742,0.7207009857612268
C4_Stadium_IngressEgress,-0.447364822809097,-0.447364822809097,-0.447364822809097,-0.447364822809097,-0.447364822809097,-0.447364822809097,-0.447912392971654,-0.5897330650739259,-0.40191649931686313,-0.4331279985826141,-0.447364822809097,-0.447364822809097,0.48459959386297535,0.42765229695704376,0.30116358940636884,1.0,-0.479123892237405,-0.5190965141040684,0.42765229695704376,0.4911704358136597,-0.34277892176070346,-0.31978097493330804,-0.4971937076017871,-0.447364822809097,-0.447364822809097,-0.447364822809097,-0.447364822809097,-0.447364822809097,-0.06351813885661597,-0.06461327918173004,-0.0591375775561597,-0.19767282868308936,0.12375085673788974,-0.07775496308309887,-0.04654346381734791,0.2540725554264639,0.24147844168765212,0.08596851552145438,0.18015058348126428,0.4481248289077471,-0.2091718020967871,0.34223135159814644,0.5267624963798669,0.12046543576254753,-0.14236824226482891,0.4402464106958556,0.33073237818444867,0.2266940472986122,0.3805612629771388,-0.04599589365479088,0.25790554656436315,0.3493497637113879,0.25133470461367874,0.4281998671196008,0.17631759234336503,0.16810403990500952,0.27871321274153044,0.428415001368738,0.6693128935121818,0.25681040623924906
C5_Festival_MultiHotspots_HelsinkiMedium,0.9967141292442497,0.9967141292442497,0.9967141292442497,0.9967141292442497,0.9967141292442497,0.9967141292442497,0.9961664841182913,0.8762322015334063,0.9715224534501643,0.8608981380065718,0.9967141292442497,0.9967141292442497,-0.40963855421686746,-0.4813800657174151,-0.48083242059145676,-0.479123892237405,1.0,0.988499452354874,-0.47261774370208104,0.05366922234392114,0.39211391018619934,0.4058050383351588,0.6840087623220154,0.9967141292442497,0.9967141292442497,0.9967141292442497,0.9967141292442497,0.9967141292442497,-0.12431544359255203,-0.28313253012048195,-0.2568455640744797,-0.000547645125958379,-0.23110624315443593,-0.21303395399780942,-0.15717415115005476,-0.3614457831325301,-0.1796276013143483,-0.14403066812705367,-0.12650602409638553,-0.46050650671046583,0.30394304490690033,-0.2157721796276013,-0.223986856516977,-0.050383351588170866,0.10952902519167579,-0.10788608981380066,-0.3411829134720701,-0.11664841182913473,-0.1741511500547645,-0.296276013143483,-0.4036144578313253,-0.37677984665936476,-0.41073384446878425,-0.4485213581599124,-0.46714129244249725,-0.4994523548740416,-0.37458926615553123,-0.47173169504288504,-0.5229295052419677,-0.41511500547645125
C6_Conference_Networking_HelsinkiMedium,0.9786418400876232,0.9786418400876232,0.9786418400876232,0.9786418400876232,0.9786418400876232,0.9786418400876232,0.9748083242059146,0.9337349397590361,0.943592552026287,0.8242059145673604,0.9786418400876232,0.9786418400876232,-0.4079956188389923,-0.4408543263964951,-0.42825848849945236,-0.5190965141040684,0.988499452354874,1.0,-0.42825848849945236,0.025191675794085433,0.4529025191675794,0.4633077765607886,0.7513691128148959,0.9786418400876232,0.9786418400876232,0.9786418400876232,0.9786418400876232,0.9786418400876232,-0.06736035049288061,-0.21467688937568455,-0.20262869660460023,0.059693318729463304,-0.19605695509309967,-0.1714129244249726,-0.11391018619934283,-0.29901423877327493,-0.18674698795180722,-0.1511500547645126,-0.12376779846659365,-0.43696098972051334,0.3154435925520263,-0.22782037239868566,-0.2667031763417306,-0.0651697699890471,0.09255202628696604,-0.1276013143483023,-0.3181818181818182,-0.1254107338444688,-0.18893756845564075,-0.23713033953997809,-0.36254107338444685,-0.32146768893756844,-0.3608981380065717,-0.395947426067908,-0.42606790799561883,-0.4605695509309967,-0.3192771084337349,-0.43285421350133557,-0.4862423043506464,-0.37404162102957283
C7_Library_Quiet,-0.4649507119386637,-0.4649507119386637,-0.4649507119386637,-0.4649507119386637,-0.4649507119386637,-0.4649507119386637,-0.4654983570646221,-0.3723986856516977,-0.4589266155531216,-0.5169769989047097,-0.4649507119386637,-0.4649507119386637,0.8039430449069004,0.9956188389923329,0.9627601314348302,0.42765229695704376,-0.47261774370208104,-0.42825848849945236,1.0,0.3357064622124863,-0.07886089813800658,-0.07721796276013143,-0.22508214676889376,-0.4649507119386637,-0.4649507119386637,-0.4649507119386637,-0.4649507119386637,-0.4649507119386637,0.49123767798466594,0.49780941949616647,0.5136911281489595,0.2738225629791895,0.28258488499452356,0.3663745892661555,0.42059145673603504,0.7951807228915663,0.395947426067908,0.27163198247535597,0.6626506024096386,0.28637919501732895,0.0038335158817086527,0.38061336254107336,0.40416210295728366,0.08926615553121577,0.0859802847754655,0.5974808324205915,0.8499452354874042,0.6555312157721797,0.608433734939759,0.4835706462212486,0.7497261774370209,0.8581599123767798,0.7502738225629791,0.7497261774370209,0.6889375684556407,0.6527929901423878,0.8362541073384447,0.6611909712876188,0.5820670827981275,0.7387732749178533
C8_EmergencyDrill_Evacuation,0.08981380065717415,0.08981380065717415,0.08981380065717415,0.08981380065717415,0.08981380065717415,0.08981380065717415,0.08488499452354874,-0.07721796276013143,0.10898138006571742,0.055312157721796276,0.08981380065717415,0.08981380065717415,0.4550930996714129,0.33461117196056955,0.19879518072289157,0.4911704358136597,0.05366922234392114,0.025191675794085433,0.3357064622124863,1.0,0.16429353778751368,0.1982475355969332,0.01642935377875137,0.08981380065717415,0.08981380065717415,0.08981380065717415,0.08981380065717415,0.08981380065717415,-0.21741511500547644,0.09419496166484119,-0.20536692223439212,-0.05312157721796276,-0.007667031763417305,-0.20646221248630886,-0.24041621029572838,0.16976998904709747,0.29518072289156627,0.0016429353778751369,0.06736035049288061,0.06789870015707225,0.12979189485213583,0.2897042716319825,0.5503833515881709,0.16484118291347208,0.06297918948521358,0.6111719605695509,0.2573932092004381,0.14950711938663747,0.34775465498357067,0.1248630887185104,0.09967141292442497,0.22343921139101863,0.13855421686746988,0.16484118291347208,0.035596933187294635,0.009309967141292442,0.1741511500547645,0.06488706426300855,0.062422998531501905,0.09474260679079956
V1_TaxiLow_HelsinkiMedium,0.3614457831325301,0.3614457831325301,0.3614457831325301,0.3614457831325301,0.3614457831325301,0.3614457831325301,0.35049288061336253,0.5974808324205915,0.32858707557502737,0.22727272727272727,0.3614457831325301,0.3614457831325301,-0.1588170865279299,-0.0963855421686747,-0.07995618838992333,-0.34277892176070346,0.39211391018619934,0.4529025191675794,-0.07886089813800658,0.16429353778751368,1.0,0.9961664841182913,0.7070098576122672,0.3614457831325301,0.3614457831325301,0.3614457831325301,0.3614457831325301,0.3614457831325301,0.328039430449069,0.04326396495071194,0.21905805038335158,0.6484118291347207,0.17798466593647316,0.21303395399780942,0.25191675794085433,0.14895947426067907,-0.1303395399780942,-0.11993428258488499,0.13198247535596933,-0.12046543576254753,0.6412924424972618,0.044906900328587074,-0.0443592552026287,0.0,0.07667031763417305,0.05859802847754655,-0.056955093099671415,0.06407447973713033,-0.08926615553121577,0.03176341730558598,0.06462212486308871,0.12979189485213583,0.10624315443592552,0.05750273822562979,0.0016429353778751369,-0.02190580503833516,0.12376779846659365,0.005201916544291825,-0.04052019202922054,0.05257393209200438
V2_TaxiHigh_HelsinkiMedium,0.3784227820372399,0.3784227820372399,0.3784227820372399,0.3784227820372399,0.3784227820372399,0.3784227820372399,0.3652792990142388,0.5985761226725083,0.34556407447973714,0.24589266155531217,0.3784227820372399,0.3784227820372399,-0.1593647316538883,-0.09419496166484119,-0.08926615553121577,-0.31978097493330804,0.4058050383351588,0.4633077765607886,-0.07721796276013143,0.1982475355969332,0.9961664841182913,1.0,0.7031763417305587,0.3784227820372399,0.3784227820372399,0.3784227820372399,0.3784227820372399,0.3784227820372399,0.30339539978094193,0.01642935377875137,0.1823658269441402,0.6210295728368017,0.16046002190580505,0.19386637458926614,0.23767798466593648,0.1276013143483023,-0.13088718510405256,-0.13198247535596933,0.12595837897042717,-0.1199178655999905,0.6325301204819277,0.045454545454545456,-0.033406352683461114,0.004928806133625411,0.06955093099671412,0.0700985761226725,-0.07502738225629792,0.05366922234392114,-0.0963855421686747,0.007119386637458927,0.05093099671412924,0.11938663745892661,0.07393209200438117,0.05147864184008762,-0.022453450164293537,-0.05257393209200438,0.0991237677984666,-0.022176591583559887,-0.04982888479269012,0.040525739320920046
V3_BusOnlyCarriers_HelsinkiMedium,0.6533406352683461,0.6533406352683461,0.6533406352683461,0.6533406352683461,0.6533406352683461,0.6533406352683461,0.6423877327491785,0.8515881708652793,0.6056955093099672,0.49178532311062434,0.6533406352683461,0.6533406352683461,-0.3203723986856517,-0.24917853231106243,-0.2157721796276013,-0.4971937076017871,0.6840087623220154,0.7513691128148959,-0.22508214676889376,0.01642935377875137,0.7070098576122672,0.7031763417305587,1.0,0.6533406352683461,0.6533406352683461,0.6533406352683461,0.6533406352683461,0.6533406352683461,0.1955093099671413,0.0312157721796276,0.07338444687842278,0.3329682365826944,0.030120481927710843,0.07502738225629792,0.11664841182913473,-0.02135815991237678,-0.13581599123767799,-0.09802847754654984,-0.012595837897042717,-0.22176591583559888,0.42113910186199344,-0.1330777656078861,-0.23493975903614459,-0.035596933187294635,0.10514786418400876,-0.10569550930996714,-0.18346111719605696,-0.0624315443592552,-0.14731653888280394,0.008214676889375685,-0.12157721796276014,-0.06681270536692223,-0.08707557502738225,-0.13417305585980285,-0.1796276013143483,-0.2086527929901424,-0.05750273822562979,-0.17768651774975763,-0.23216974892418252,-0.13362541073384446
V4_MixedBusPed_HelsinkiMedium,1.0,1.0,1.0,1.0,1.0,1.0,0.9972617743702081,0.8477546549835706,0.97973713033954,0.8674698795180723,1.0,1.0,-0.37897042716319823,-0.4704271631982475,-0.47535596933187296,-0.447364822809097,0.9967141292442497,0.9786418400876232,-0.4649507119386637,0.08981380065717415,0.3614457831325301,0.3784227820372399,0.6533406352683461,1.0,1.0,1.0,1.0,1.0,-0.15717415115005476,-0.2907995618838992,-0.2858707557502738,-0.0312157721796276,-0.25848849945235486,-0.244249726177437,-0.18674698795180722,-0.3784227820372399,-0.16046002190580505,-0.13855421686746988,-0.12814895947426067,-0.45941136638535174,0.2907995618838992,-0.21796276013143484,-0.20536692223439212,-0.04107338444687842,0.11336254107338445,-0.07776560788608981,-0.33187294633077763,-0.11171960569550932,-0.1511500547645126,-0.3017524644030668,-0.41018619934282585,-0.3833515881708653,-0.4173055859802848,-0.4550930996714129,-0.47480832420591457,-0.5060240963855421,-0.3822562979189485,-0.47885010715612647,-0.5284052068675381,-0.42168674698795183
V5_RushHourBusDensity_HelsinkiMedium,1.0,1.0,1.0,1.0,1.0,1.0,0.9972617743702081,0.8477546549835706,0.97973713033954,0.8674698795180723,1.0,1.0,-0.37897042716319823,-0.4704271631982475,-0.47535596933187296,-0.447364822809097,0.9967141292442497,0.9786418400876232,-0.4649507119386637,0.08981380065717415,0.3614457831325301,0.3784227820372399,0.6533406352683461,1.0,1.0,1.0,1.0,1.0,-0.15717415115005476,-0.2907995618838992,-0.2858707557502738,-0.0312157721796276,-0.25848849945235486,-0.244249726177437,-0.18674698795180722,-0.3784227820372399,-0.16046002190580505,-0.13855421686746988,-0.12814895947426067,-0.45941136638535174,0.2907995618838992,-0.21796276013143484,-0.20536692223439212,-0.04107338444687842,0.11336254107338445,-0.07776560788608981,-0.33187294633077763,-0.11171960569550932,-0.1511500547645126,-0.3017524644030668,-0.41018619934282585,-0.3833515881708653,-0.4173055859802848,-0.4550930996714129,-0.47480832420591457,-0.5060240963855421,-0.3822562979189485,-0.47885010715612647,-0.5284052068675381,-0.42168674698795183
V6_CarOwnership_0_HelsinkiMedium,1.0,1.0,1.0,1.0,1.0,1.0,0.9972617743702081,0.8477546549835706,0.97973713033954,0.8674698795180723,1.0,1.0,-0.37897042716319823,-0.4704271631982475,-0.47535596933187296,-0.447364822809097,0.9967141292442497,0.9786418400876232,-0.4649507119386637,0.08981380065717415,0.3614457831325301,0.3784227820372399,0.6533406352683461,1.0,1.0,1.0,1.0,1.0,-0.15717415115005476,-0.2907995618838992,-0.2858707557502738,-0.0312157721796276,-0.25848849945235486,-0.244249726177437,-0.18674698795180722,-0.3784227820372399,-0.16046002190580505,-0.13855421686746988,-0.12814895947426067,-0.45941136638535174,0.2907995618838992,-0.21796276013143484,-0.20536692223439212,-0.04107338444687842,0.11336254107338445,-0.07776560788608981,-0.33187294633077763,-0.11171960569550932,-0.1511500547645126,-0.3017524644030668,-0.41018619934282585,-0.3833515881708653,-0.4173055859802848,-0.4550930996714129,-0.47480832420591457,-0.5060240963855421,-0.3822562979189485,-0.47885010715612647,-0.5284052068675381,-0.42168674698795183
V7_CarOwnership_100_HelsinkiMedium,1.0,1.0,1.0,1.0,1.0,1.0,0.9972617743702081,0.8477546549835706,0.97973713033954,0.8674698795180723,1.0,1.0,-0.37897042716319823,-0.4704271631982475,-0.47535596933187296,-0.447364822809097,0.9967141292442497,0.9786418400876232,-0.4649507119386637,0.08981380065717415,0.3614457831325301,0.3784227820372399,0.6533406352683461,1.0,1.0,1.0,1.0,1.0,-0.15717415115005476,-0.2907995618838992,-0.2858707557502738,-0.0312157721796276,-0.25848849945235486,-0.244249726177437,-0.18674698795180722,-0.3784227820372399,-0.16046002190580505,-0.13855421686746988,-0.12814895947426067,-0.45941136638535174,0.2907995618838992,-0.21796276013143484,-0.20536692223439212,-0.04107338444687842,0.11336254107338445,-0.07776560788608981,-0.33187294633077763,-0.11171960569550932,-0.1511500547645126,-0.3017524644030668,-0.41018619934282585,-0.3833515881708653,-0.4173055859802848,-0.4550930996714129,-0.47480832420591457,-0.5060240963855421,-0.3822562979189485,-0.47885010715612647,-0.5284052068675381,-0.42168674698795183
V8_RoadClosure_HelsinkiMedium,1.0,1.0,1.0,1.0,1.0,1.0,0.9972617743702081,0.8477546549835706,0.97973713033954,0.8674698795180723,1.0,1.0,-0.37897042716319823,-0.4704271631982475,-0.47535596933187296,-0.447364822809097,0.9967141292442497,0.9786418400876232,-0.4649507119386637,0.08981380065717415,0.3614457831325301,0.3784227820372399,0.6533406352683461,1.0,1.0,1.0,1.0,1.0,-0.15717415115005476,-0.2907995618838992,-0.2858707557502738,-0.0312157721796276,-0.25848849945235486,-0.244249726177437,-0.18674698795180722,-0.3784227820372399,-0.16046002190580505,-0.13855421686746988,-0.12814895947426067,-0.45941136638535174,0.2907995618838992,-0.21796276013143484,-0.20536692223439212,-0.04107338444687842,0.11336254107338445,-0.07776560788608981,-0.33187294633077763,-0.11171960569550932,-0.1511500547645126,-0.3017524644030668,-0.41018619934282585,-0.3833515881708653,-0.4173055859802848,-0.4550930996714129,-0.47480832420591457,-0.5060240963855421,-0.3822562979189485,-0.47885010715612647,-0.5284052068675381,-0.42168674698795183
R1_Rural_RandomWaypoint,-0.15717415115005476,-0.15717415115005476,-0.15717415115005476,-0.15717415115005476,-0.15717415115005476,-0.15717415115005476,-0.1533406352683461,0.10843373493975904,-0.1714129244249726,-0.24808324205914567,-0.15717415115005476,-0.15717415115005476,0.3263964950711939,0.49561883899233294,0.5071193866374589,-0.06351813885661597,-0.12431544359255203,-0.06736035049288061,0.49123767798466594,-0.21741511500547644,0.328039430449069,0.30339539978094193,0.1955093099671413,-0.15717415115005476,-0.15717415115005476,-0.15717415115005476,-0.15717415115005476,-0.15717415115005476,1.0,0.31161007667031765,0.9452354874041621,0.7234392113910186,0.6571741511500547,0.8192771084337349,0.8532311062431545,0.6626506024096386,0.1615553121577218,0.37458926615553123,0.8291347207009858,0.06023271788127377,0.44961664841182913,0.4589266155531216,0.20372398685651696,0.14403066812705367,0.33515881708652795,0.2009857612267251,0.5657174151150055,0.7552026286966046,0.36911281489594744,0.3154435925520263,0.5947426067907996,0.6659364731653888,0.6495071193866374,0.5854326396495071,0.5766703176341731,0.5618838992332968,0.7097480832420592,0.5379876847122862,0.4238193058191445,0.5799561883899234
R2_VillagesTrails_ThreeClusters,-0.2907995618838992,-0.2907995618838992,-0.2907995618838992,-0.2907995618838992,-0.2907995618838992,-0.2907995618838992,-0.2732749178532311,-0.10460021905805038,-0.30503833515881706,-0.37349397590361444,-0.2907995618838992,-0.2907995618838992,0.32420591456736036,0.4945235487404162,0.5377875136911281,-0.06461327918173004,-0.28313253012048195,-0.21467688937568455,0.49780941949616647,0.09419496166484119,0.04326396495071194,0.01642935377875137,0.0312157721796276,-0.2907995618838992,-0.2907995618838992,-0.2907995618838992,-0.2907995618838992,-0.2907995618838992,0.31161007667031765,1.0,0.36801752464403065,0.43373493975903615,0.035596933187294635,0.19879518072289157,0.17907995618838993,0.5027382256297919,0.5301204819277109,0.4539978094194962,0.3258488499452355,0.10896646234884982,0.291894852135816,0.018619934282584884,0.022453450164293537,0.4928806133625411,0.6221248630887185,0.18072289156626506,0.5213581599123768,0.31653888280394304,0.3932092004381161,0.9835706462212487,0.4123767798466594,0.49342825848849947,0.515881708652793,0.42059145673603504,0.3893756845564075,0.3828039430449069,0.5383351588170865,0.37535934643284696,0.26830937965294677,0.3953997809419496
R3_WildlifeTracking,-0.2858707557502738,-0.2858707557502738,-0.2858707557502738,-0.2858707557502738,-0.2858707557502738,-0.2858707557502738,-0.28148959474260676,-0.025191675794085433,-0.296276013143483,-0.32749178532311063,-0.2858707557502738,-0.2858707557502738,0.42716319824753557,0.5312157721796276,0.5777656078860898,-0.0591375775561597,-0.2568455640744797,-0.20262869660460023,0.5136911281489595,-0.20536692223439212,0.21905805038335158,0.1823658269441402,0.07338444687842278,-0.2858707557502738,-0.2858707557502738,-0.2858707557502738,-0.2858707557502738,-0.2858707557502738,0.9452354874041621,0.36801752464403065,1.0,0.6812705366922235,0.6161007667031764,0.823658269441402,0.7530120481927711,0.6621029572836802,0.15169769989047097,0.3384446878422782,0.7716319824753559,0.07063655096985742,0.37075575027382257,0.4134720700985761,0.17360350492880613,0.12705366922234393,0.29956188389923327,0.22070098576122674,0.6210295728368017,0.7382256297918949,0.38116100766703176,0.3877327491785323,0.5651697699890471,0.6434830230010953,0.6911281489594743,0.5892661555312158,0.6150054764512596,0.6281489594742606,0.7332968236582694,0.5713894646282652,0.42272416549403047,0.5487404162102957
R4_ParkRangers_HelsinkiMedium,-0.0312157721796276,-0.0312157721796276,-0.0312157721796276,-0.0312157721796276,-0.0312157721796276,-0.0312157721796276,-0.01588170865279299,0.23603504928806135,-0.04381161007667032,-0.13691128148959475,-0.0312157721796276,-0.0312157721796276,0.17907995618838993,0.2809419496166484,0.3154435925520263,-0.19767282868308936,-0.000547645125958379,0.059693318729463304,0.2738225629791895,-0.05312157721796276,0.6484118291347207,0.6210295728368017,0.3329682365826944,-0.0312157721796276,-0.0312157721796276,-0.0312157721796276,-0.0312157721796276,-0.0312157721796276,0.7234392113910186,0.43373493975903615,0.6812705366922235,1.0,0.43921139101861995,0.5662650602409639,0.5788608981380066,0.4720700985761227,0.02135815991237678,0.16210295728368018,0.5240963855421686,-0.062422998531501905,0.7792990142387732,0.2617743702081051,0.04271631982475356,0.2612267250821468,0.4079956188389923,0.05914567360350493,0.35268346111719606,0.46823658269441404,0.2009857612267251,0.4244249726177437,0.3904709748083242,0.46221248630887185,0.49178532311062434,0.3888280394304491,0.3729463307776561,0.3723986856516977,0.5082146768893757,0.3386721455415257,0.23600274006208177,0.37349397590361444
R5_MountainRescue,-0.25848849945235486,-0.25848849945235486,-0.25848849945235486,-0.25848849945235486,-0.25848849945235486,-0.25848849945235486,-0.25629791894852133,-0.04271631982475356,-0.2787513691128149,-0.3247535596933187,-0.25848849945235486,-0.25848849945235486,0.21796276013143484,0.2792990142387733,0.21193866374589265,0.12375085673788974,-0.23110624315443593,-0.19605695509309967,0.28258488499452356,-0.007667031763417305,0.17798466593647316,0.16046002190580505,0.030120481927710843,-0.25848849945235486,-0.25848849945235486,-0.25848849945235486,-0.25848849945235486,-0.25848849945235486,0.6571741511500547,0.035596933187294635,0.6161007667031764,0.43921139101861995,1.0,0.5536692223439211,0.5279299014238773,0.4819277108433735,0.1221248630887185,0.27710843373493976,0.49616648411829134,0.3148528434702947,0.2502738225629792,0.871303395399781,0.34063526834611174,0.03723986856516977,0.10350492880613363,0.15443592552026286,0.3313253012048193,0.4715224534501643,0.27437020810514784,0.07228915662650602,0.33953997809419495,0.49835706462212487,0.39868565169769987,0.4397590361445783,0.6642935377875137,0.635815991237678,0.48576122672508215,0.33593429472874053,0.28692676517988597,0.3373493975903614
