,U1_CBD_Commuting_HelsinkiMedium,U2_SparseSuburb_HelsinkiMedium,U3_MicroMobility_HelsinkiMedium,U4_CongestionHotspot_HelsinkiMedium,U5_WorkdayShort_HelsinkiMedium,U6_OfficeWaitHeavyTail_HelsinkiMedium,U7_HighTimeVariance_HelsinkiMedium,C1_Campus_ClassChange,C2_ExamDay_LongStays,C3_Hackathon_24h,C4_Stadium_IngressEgress,C5_Library_Quiet,C6_EmergencyDrill_Evacuation,V1_TaxiLow_HelsinkiMedium,V2_TaxiHigh_HelsinkiMedium,V3_BusOnlyCarriers_HelsinkiMedium,V4_CarOwnership_0_HelsinkiMedium,V5_CarOwnership_100_HelsinkiMedium,R10_TinyRange_5m,R11_SpeedExtremeLow,R12_SpeedExtremeHigh,R1_Rural_RandomWaypoint,R2_VillagesTrails_ThreeClusters,R3_WildlifeTracking,R4_ParkRangers_HelsinkiMedium,R5_MountainRescue,R6_SparseLongRange,R7_SparseTinyBuffer,R8_IntermittentPower,R9_ExtremeRange_200m,D1_ShelterHotspots_Clusters,D2_PartitionedCity_MuleBridge,D3_Aftershock_ErraticMobility,D4_MedicalTriage_TwoClasses,D5_UAVMule_FastRoute_HelsinkiMedium,D6_ShortTtlCritical_5to10min,D7_HighLoad_TrafficStorm,D8_InfrastructureReturns_BackboneLinks,D9_Critical_1minTTL,S1_StrongCommunities_SeparateClusters,S2_WeakCommunities_HighMixing,S3_PeriodicMeetings_RegularRhythm,S4_RandomMixing_NoHotspots,S5_TwoLayer_StudentsStaff,S6_FamilyGroups_SmallPersistent,T10_HighRateLowSpeed_Congestion,T11_TTL_1min,T12_TTL_Infinite_Buffer200M,T13_Buffer_256k,T14_Buffer_200M,T15_TransmitSpeed_256k,T1_ManySmallMsgs_HighRate,T2_FewHugeMsgs_LowRate,T3_MixedBimodal_SmallAndLarge,T4_VeryShortTtl_5to10min,T5_VeryLongTtl_6to24h,T6_UniformSources_RandomFromTo,T7_TargetedToHubs_FewDestinations,T8_BurstTraffic_TimeWindows,T9_BufferStress_SmallBufferHighTraffic
U1_CBD_Commuting_HelsinkiMedium,-2.220446049250313e-16,0.1729022119318081,0.23395359014514094,0.03260270565356582,0.26704818248494544,0.09889925858106396,0.17283889515585182,1.16937376050122,1.4837420341669034,1.3043651026254905,1.1197432476698705,1.4850625230123897,0.9702716256277217,0.9757859858241201,0.7825820215367876,0.47408648019945543,0.041448776117141484,0.21215999377532624,1.5270268307344397,1.3206383879359413,0.8729704520819264,1.0632429402999655,1.000200387832608,1.3134780447427707,1.0589513333635854,1.4843175163229252,1.2607553174189372,1.3625140492839671,1.5113851553835183,1.1653598176591542,1.1099805965823668,1.2321146613603056,1.371691713053542,1.196200018604667,0.918469402757454,1.4138223557645646,1.151704860823222,1.1222153130930768,1.3707517658611135,0.8982712554655713,1.15097807466842,1.3885670499122842,1.3291402885290193,1.1229852721259534,0.99665694381535,1.4326323977555282,1.4235984068015934,1.1659948608040809,1.3691418596124751,1.2286331296617765,1.4766441357196014,1.3131350855882862,1.1083328796921843,1.2375595793751781,1.505789582022443,1.5988603384309732,1.3115923418370345,1.1551717845061171,1.2335414058707692,1.383463824812515
U2_SparseSuburb_HelsinkiMedium,0.1729022119318081,0.0,0.4954196578552712,0.22301184119767548,0.3759383396660462,0.19681159529095127,0.24920390065249398,1.2487322701212473,1.5887405773387648,1.3739529919267948,1.2654477081619961,1.5272152642946284,1.0869917536166975,0.7512328347565085,0.6914177526960235,0.309752200157307,0.17838927666835547,0.32322509337887784,1.3690168767943263,0.9305459716021205,0.9698021262269044,0.6138520694096606,0.9773062728958044,1.0798460203544602,0.8561645373090316,1.3196280047183202,0.931156734167549,1.156656578735351,1.3655651284100703,1.13585032817223,1.244169917709058,1.3085544332265602,1.3945711589691978,1.2129817108602379,0.8905820390533323,1.4810476071476177,1.355790536546467,1.2148827062867882,1.3756450577911243,1.0733016997477667,1.508644181308691,1.5694479129813008,1.442997803228479,1.3638076404404145,1.001285556105305,1.2919914011534226,1.4473574594606373,1.1201610449833006,1.3218098915464431,1.2294724599350209,1.2816518570884154,1.4033920895850236,1.1057000512325654,1.2288476834171405,1.5060603292766341,1.5416692548116937,1.3751926060752213,1.1496268717829143,1.1995404305989819,1.3914992027106496
U3_MicroMobility_HelsinkiMedium,0.23395359014514094,0.4954196578552712,5.551115123125783e-16,0.19853146393711907,0.26867899248373994,0.1816759807746856,0.15123534494983104,1.1549869317601487,1.2141340853879163,1.2422822696217972,1.0479971916721955,1.394522898124446,0.9565071139455041,1.0723364289623811,0.9771483800949587,0.8850561863303675,0.17120211357816395,0.3757496939142194,1.7341597404494071,1.5317516267426678,1.0511895022762157,1.2150452742541202,1.1361571141037692,1.4364323863248907,1.2874291741490647,1.3004071801468955,1.2073331788191932,1.0278042080002305,1.6316145019772206,1.2210924195855222,1.0395224218238488,1.1716604551282936,1.017603058177104,1.0709730721457202,0.9707341334725254,1.0458462823551993,1.0446949369777265,1.06593305994336,1.0915287734629924,0.7752688247313464,1.0338990353160298,1.104041925727662,1.2535873114711964,1.0458500892601126,1.058443311708356,1.1819703312355188,1.1592802280127592,1.415384939080632,1.1372732340678038,1.2775995173898709,1.3360350282815863,1.428142313745858,1.177003799387388,1.292424221294147,1.0925946577031165,1.2939616862475531,1.5848063915808852,1.192580716523633,1.1314331699256646,1.2717336503241952
U4_CongestionHotspot_HelsinkiMedium,0.03260270565356582,0.22301184119767548,0.19853146393711907,3.3306690738754696e-16,0.21054205904784562,0.11117605733016833,0.17161550281330917,1.1881792725837146,1.364415703711307,1.2451046559584973,1.1035510437020293,1.4836060901376746,0.9882650661886022,1.04167181677178,0.8140380800155996,0.522375049433488,0.05928910434139023,0.2660499854302737,1.5872081275250762,1.370261085218798,0.9161424445167117,1.0922694736700147,1.0329614987902185,1.3414781753293876,1.0875414710316111,1.3192723863446472,1.3375602627794039,1.2252445653868576,1.6129753970557026,1.1990281378209182,1.142718456791862,1.2514994942547648,1.1775204875024579,1.1310686888920956,0.9525338476880032,1.2288104701559126,1.224340517946651,1.1407738804723135,1.1806438027977189,0.9316261717235256,1.213467310763788,1.1923485737570114,1.407972971458352,1.198667190699885,1.0147831537042356,1.5411422552432126,1.265900513219539,1.1841018101970107,1.203720431282589,1.1416512589562873,1.5919429553607944,1.3455304328214077,1.124253299485348,1.2699817149862054,1.3649122671921905,1.4511643453833054,1.3487164121026718,1.1765488832907796,1.2030404636774223,1.4704476499825994
U5_WorkdayShort_HelsinkiMedium,0.26704818248494544,0.3759383396660462,0.26867899248373994,0.21054205904784562,0.0,0.1518174356798584,0.21288607187980102,1.1936276751430712,1.2557945254537501,1.2514858042641022,1.140904558276765,1.384539852635901,1.0092583637902837,0.9487165635185696,0.8675070313708513,0.6165418885942925,0.12899036098505867,0.4776463459993693,1.623840730981638,1.4170712329694797,0.9716239589851985,1.1356429367537888,1.0728978359369408,1.356620779476807,1.1207094890988414,1.2261464783960736,1.1689975620040136,1.1224797445075645,1.5584485068473746,1.217636300617312,1.1731798886192706,1.2550691611210398,1.083027339115048,1.0922839530507542,1.0014107318802077,1.131351920836547,1.3047006160765569,1.1509381653772692,1.1740535071797382,0.977303608580994,1.2713687839332162,1.1774937699309314,1.4847466965537677,1.278626674873654,1.0359387473033157,1.253042848467563,1.1840907518843744,1.1796368689578016,1.1870319559642302,1.0729062128984665,1.2845021284539277,1.4749800103800697,1.1350881152293497,1.2927007933629895,1.206094731294768,1.2564935889504663,1.502824003805379,1.1915703353194484,1.134828780907873,1.4398792178981636
U6_OfficeWaitHeavyTail_HelsinkiMedium,0.09889925858106396,0.19681159529095127,0.1816759807746856,0.11117605733016833,0.1518174356798584,1.1102230246251565e-16,0.028931425675896905,1.2137481140512996,1.3972409801809886,1.345772206199822,1.1826083074311722,1.4334224155120054,0.9963405908505072,0.8818573091653876,0.8181828914870655,0.5146405803265663,0.03293819968027889,0.24756061736269674,1.6586065769563407,1.4221931998057813,0.9321699785191792,1.1141806506580005,1.0527882313650059,1.3795041070780587,1.1090069576000583,1.4035936036346541,1.1206667875394876,1.3023259769411213,1.5566326568675406,1.2372357186141512,1.1690637469039082,1.2791928922096534,1.250433602736131,1.1583977481622263,0.9667947440902052,1.3075434085561093,1.3164130513638548,1.1600994979163795,1.3956160493321685,0.9441606459875806,1.2601656996470347,1.3906563848172193,1.5333117811070147,1.2512151547291523,1.0250437347199424,1.1989811899591987,1.3896859053670245,1.0923232897675241,1.4088995504497457,1.064833292010065,1.2054552749849572,1.5750707742963042,1.168073467735968,1.3041694858443629,1.3986712514128699,1.4065936072406509,1.5356012130616825,1.1997240208066902,1.1714119714387385,1.492421033021755
U7_HighTimeVariance_HelsinkiMedium,0.17283889515585182,0.24920390065249398,0.15123534494983104,0.17161550281330917,0.21288607187980102,0.028931425675896905,-4.440892098500626e-16,1.2178176195576693,1.3226974124751876,1.3348870110507853,1.1954301668150678,1.4071418170436127,1.013930855168087,0.8523190675952652,0.8512455025832036,0.5704359660880503,0.08550241346292642,0.27899345791430163,1.7109637524866035,1.467562136503986,0.975185325248379,1.1456964468949167,1.0847905250918424,1.3990585408306042,1.1362990234865844,1.3157650545609303,1.0448263911522975,1.1642674414868937,1.5635482579379838,1.2220958871269203,1.1993625986500793,1.2915448140741481,1.1684210442180254,1.1287655926795939,1.0025289127010406,1.2208702587786946,1.3518386505060371,1.1738744111465216,1.3113639038134495,0.9775175706744276,1.3165217537502276,1.3228751467312025,1.5530853169035461,1.3220926956926164,1.0424118928176538,1.0898016446233283,1.2706231823127574,1.2053172585769798,1.306165205422646,1.113537563416671,1.1134512738231472,1.5993476258231247,1.152955536836946,1.3335784994598057,1.2479950926882253,1.2945907627590498,1.6451188672849724,1.2182768070163708,1.1423393346994213,1.4441843869094506
C1_Campus_ClassChange,1.16937376050122,1.2487322701212473,1.1549869317601487,1.1881792725837146,1.1936276751430712,1.2137481140512996,1.2178176195576693,0.0,0.9705315046071592,0.9330978580049542,1.0163724724118834,0.9656436520198725,1.0144102809400541,1.1450365391288584,1.1508520625990146,1.1984161661000852,1.2046896172112374,1.1526917225155673,0.8281167057161825,0.9567057740563555,0.9977133620639265,1.1249430580995634,1.0479834887568327,0.595087188150111,1.043521191549377,1.0813136833087784,1.0402060083900295,1.1635199439961943,0.9382152696971515,0.9852293359193794,1.0058165152482277,0.9351423742209443,1.0848750811786576,1.0727302456943706,1.0808600279279854,1.06735223980393,1.0036787679363812,0.9922615648091059,1.0857433625283461,1.027928641311537,0.8296825965250585,0.9383704105791909,0.8427205638245416,0.8866062671606603,1.0381312470043462,0.9914002354779611,1.0229547704353243,0.9251078796198927,1.0301742201927075,0.9725283776018876,0.9096579218935641,0.9655587824685633,0.7458043968954455,1.015013502765381,0.9486123302010141,0.8123543973006163,0.8399539979388713,0.9938280137154542,1.0761903281235605,0.9964481349363188
C2_ExamDay_LongStays,1.4837420341669034,1.5887405773387648,1.2141340853879163,1.364415703711307,1.2557945254537501,1.3972409801809886,1.3226974124751876,0.9705315046071592,-2.220446049250313e-16,0.12484934372669532,0.9930659903198027,0.16145173788486045,1.078175210549373,1.32943946873842,1.3767170712086179,1.4619078414417932,1.447727994240345,1.4254753566381453,0.6981500249470163,0.8976258057543589,1.155774047167215,1.2487400209089639,1.187990995147355,0.5752849612256101,1.2346056721117384,0.5432073526038694,1.067232676313532,0.6508502957539612,0.9272651454854113,1.0084739517486014,1.1445608510297318,0.9304902114475475,0.3126542422013108,0.9392748169011922,1.3248521341550699,0.48055154844051373,1.0760440089471965,1.0422680247623393,0.4569112988317493,1.2051259096987832,0.958024162498997,0.33443201162467995,0.8789556447497303,1.094223328679675,1.0873807897009347,0.8805204795800757,0.4972605040936362,0.963559499253452,0.5306182545053783,0.7379130808563568,0.9026576715354035,0.8216260003320689,1.0137729915718074,1.0527885218071988,0.4304850356339096,0.43904377565257036,0.8979662207663017,1.032989407447427,0.9570967416098272,0.8893553231869041
C3_Hackathon_24h,1.3043651026254905,1.3739529919267948,1.2422822696217972,1.2451046559584973,1.2514858042641022,1.345772206199822,1.3348870110507853,0.9330978580049542,0.12484934372669532,-2.220446049250313e-16,1.0069925231375514,0.1335711419067921,1.0787370405770853,1.2782615581404648,1.2493467445495865,1.2924920881402517,1.335479178795941,1.2960534318888257,0.6484917329595477,0.6833283354052619,1.139310139631665,1.0787211024086085,1.0367762801068545,0.3087779531692514,1.1033629826736362,0.8530720967302978,1.0693631504936068,0.866622747329848,0.9705811820794725,1.0028682759267047,1.1267712247786092,0.9912752754585984,0.5532524531870273,1.0269731569939533,1.2172291126190957,0.8755043569445198,1.1271302656118931,1.0560569156950477,0.7122629773323089,1.1432796184451544,1.0659600799667437,0.6212797663889661,0.8795824694947463,1.1127613425765317,0.9741742429496869,1.0861799174032587,0.8046115025058541,0.9750356175400733,0.7482720248066821,0.9178145320366022,1.084892813790685,0.8288796890624739,0.9888146733536097,1.0178639238766582,0.7834303810115092,0.8053332972615881,0.854353896000763,1.0099501013182628,1.0213820499121569,0.9640536060693895
C4_Stadium_IngressEgress,1.1197432476698705,1.2654477081619961,1.0479971916721955,1.1035510437020293,1.140904558276765,1.1826083074311722,1.1954301668150678,1.0163724724118834,0.9930659903198027,1.0069925231375514,0.0,1.02087608020089,0.9954019374084878,1.23394029927188,1.168104057239195,1.2480030034550658,1.1563633445208845,1.1297107794422567,1.0773316898974845,1.1958470331911168,1.0339039752610444,1.2131117504690971,1.116294095667743,1.1626871522322317,1.1783333770236137,1.0796627655256545,1.2080178669597212,1.1106695364277155,1.0698071431349618,1.0346099732420968,0.9974234984657516,1.0120027292798388,1.0186390973214816,0.7516413062414642,1.1078174535205831,0.97363661139564,0.8894467672608554,0.7589912702290791,0.9938658582285518,1.0346234212629744,0.8332285144496079,0.9140670698946664,0.9518815213687694,0.9084570310369791,1.1081331559177436,1.1159434361968517,0.9922880479692205,1.0158965863363787,1.0183850646294097,1.0014299935044175,1.1430559507097564,0.9329966356877653,1.0190319731135324,0.5122358904899403,1.022280793735018,1.058272137731361,0.94204154081921,1.0236079081439438,0.07308848383201516,1.0016127223455886
C5_Library_Quiet,1.4850625230123897,1.5272152642946284,1.394522898124446,1.4836060901376746,1.384539852635901,1.4334224155120054,1.4071418170436127,0.9656436520198725,0.16145173788486045,0.1335711419067921,1.02087608020089,3.3306690738754696e-16,1.0552047158553093,1.1900667293873133,1.3068221371025783,1.336248893329227,1.4707402570311296,1.3901018141962602,0.5403351806964006,0.706574034736623,1.0501055277103015,1.1903691435921153,0.9848727843021587,0.4257857607809381,1.1056158288098819,0.9019112651103248,0.9650070314425777,0.929157926871649,0.5916615690083489,0.9797349023534042,1.079001987194728,1.0780337405800584,0.5582311229577723,1.0522414014600825,1.2322337988643453,0.8768892028588385,0.8930124284372291,1.1865484146691778,0.8464652791033651,1.2240411676656142,0.8266147743981199,0.6460375956459026,0.7375689099032097,0.8957917070841371,1.0387880260964182,0.7699437064081767,0.749848595150264,0.8116788523323859,0.8350074988582585,0.8228064294379063,0.660789269433856,0.7428415216958748,0.9629659638734893,0.9317770214200078,0.7458075866904099,0.6338062894787527,0.6821949991647062,0.9536497437348649,0.9902297380435656,0.7363209575561852
C6_EmergencyDrill_Evacuation,0.9702716256277217,1.0869917536166975,0.9565071139455041,0.9882650661886022,1.0092583637902837,0.9963405908505072,1.013930855168087,1.0144102809400541,1.078175210549373,1.0787370405770853,0.9954019374084878,1.0552047158553093,5.551115123125783e-16,1.0264068916060962,0.9929448360106203,1.0310936435109554,0.9856761011669729,0.9757654795942907,1.0958594075333583,1.1959998365590232,0.9632360263703001,1.1908690580966232,0.9772789407727536,1.168717192613257,1.0331686527635913,1.1548094203763724,1.125770518054205,1.1823210514990845,1.0519043252621474,1.0315620727063501,1.004075331766843,1.0159657246827558,1.1210564404506638,1.0648624181699906,0.9647034560872237,1.070896562911658,0.9246373234483604,0.9628690250580391,1.120073583593724,0.9128652313248942,0.8623083398636548,1.051771308836084,0.9923464848912604,0.9308466611089825,1.0267053001087691,1.023421343198497,1.0853094978480797,0.99541843022079,1.1291360462234141,1.0189526258473425,1.0336219473924486,0.9949380179125763,1.0414533596422066,1.0386485994715247,1.0984189339652792,1.1189905742429955,0.9967013311915593,1.0255747578015135,1.0669750195069054,1.010721139435951
V1_TaxiLow_HelsinkiMedium,0.9757859858241201,0.7512328347565085,1.0723364289623811,1.04167181677178,0.9487165635185696,0.8818573091653876,0.8523190675952652,1.1450365391288584,1.32943946873842,1.2782615581404648,1.23394029927188,1.1900667293873133,1.0264068916060962,0.0,0.11303948323904356,0.6028347885978813,0.9100310050435235,0.9194299136781228,1.1924711488819317,1.0457104010447915,0.6885739618336089,0.924025373800927,0.937720808329158,1.0933130288751454,0.21760610698639526,1.1829662546382345,0.8058003620965953,1.0762304942099112,0.9788883341775869,1.0863828672892606,1.2656333731997376,1.2811075923003599,1.2877769214862957,1.1567040415567789,0.3273060502694307,1.3339908432586798,1.2374025945652973,1.195186009399877,1.3362157022301713,1.207683286488406,1.3309703785848648,1.4083460533968457,1.2824954169762712,1.336764209846282,1.0687124908883825,0.8035627937201892,1.129421523267314,1.143850087649124,1.188386234219958,1.2182062629675277,0.7182308433332032,1.1878944849923723,1.0681998179585086,1.130947762044485,1.1711944886245298,1.185366234414517,1.2842511533204892,1.0855183494733571,1.0930113429286503,1.0392064026275043
V2_TaxiHigh_HelsinkiMedium,0.7825820215367876,0.6914177526960235,0.9771483800949587,0.8140380800155996,0.8675070313708513,0.8181828914870655,0.8512455025832036,1.1508520625990146,1.3767170712086179,1.2493467445495865,1.168104057239195,1.3068221371025783,0.9929448360106203,0.11303948323904356,0.0,0.5662567172441685,0.7970553479041042,0.8174850907747961,1.2597218379682702,1.103415028585924,0.5403574425239942,0.9494360179011584,0.9522995736549855,1.149011737616505,0.2344895213182322,1.2502057942048337,1.0211603691916347,1.2121303018780798,1.1720243178867942,1.0536528443717612,1.2282805010103595,1.2678416899958778,1.264098410309693,1.1576498158118045,0.27761735036192114,1.3310711808264526,1.2020159328152733,1.1739774486803178,1.2999649734605392,1.1380520063779793,1.2348809846876538,1.3354140927066676,1.295411609603367,1.2420152886618037,1.0774733416832862,1.1895609442622912,1.2171709464227831,1.0492300716226048,1.2292016738056046,1.122219175275468,1.1254140626424338,1.1752636216676084,1.0562345120709988,1.1390503252764057,1.3407000870771204,1.3270192958827884,1.166754134471942,1.090522360156832,1.144653437190611,1.2249503261781003
V3_BusOnlyCarriers_HelsinkiMedium,0.47408648019945543,0.309752200157307,0.8850561863303675,0.522375049433488,0.6165418885942925,0.5146405803265663,0.5704359660880503,1.1984161661000852,1.4619078414417932,1.2924920881402517,1.2480030034550658,1.336248893329227,1.0310936435109554,0.6028347885978813,0.5662567172441685,-2.220446049250313e-16,0.48603881170412055,0.5536730869751276,1.1930364143679693,0.9992063607373398,0.6830443009944327,0.860285398650819,0.8260171052370187,1.0977184663848114,0.7206273039001827,1.22625450628552,1.0083848984263066,1.2131467923271932,1.09713882691254,1.083796549165816,1.2592739671616873,1.3363575810421457,1.3648134214751761,1.1891897303095151,0.9089365438950815,1.433294979156051,1.3216379046670816,1.2389303244523013,1.3433361515631055,1.1884097824141184,1.423146839539714,1.4107383649492142,1.3922469318021453,1.3562539416815451,0.9278586450431012,1.232977972684892,1.2131269491715562,1.0322672722792763,1.2103644388494088,1.1479576797850357,1.1077385174385828,1.1455541726100307,1.0691438164560276,1.1491720420465432,1.3909418474401676,1.355885144614371,1.1323820894311223,1.0970773790917596,1.1763204654854347,1.2475542882377482
V4_CarOwnership_0_HelsinkiMedium,0.041448776117141484,0.17838927666835547,0.17120211357816395,0.05928910434139023,0.12899036098505867,0.03293819968027889,0.08550241346292642,1.2046896172112374,1.447727994240345,1.335479178795941,1.1563633445208845,1.4707402570311296,0.9856761011669729,0.9100310050435235,0.7970553479041042,0.48603881170412055,-2.220446049250313e-16,0.2399125764778397,1.6315687141939539,1.3938844820462384,0.9049661776046879,1.101769922516736,1.0221962777920153,1.3640837233441632,1.0882163370551314,1.4492961101612827,1.1661755953592028,1.2871663846963188,1.5365033899449314,1.1824801614683795,1.1479094712947493,1.283838372477633,1.3102346344735936,1.1790785605539678,0.9437184175502767,1.366680616248996,1.219519364957133,1.163699437699207,1.3681176759873845,0.9290117647239853,1.2215468752754788,1.385702843873275,1.4184254309348379,1.2015948269805632,1.0137054824880376,1.2991682407286436,1.3694720344853455,1.2193075853065893,1.3530594139470289,1.2278786402824478,1.3325582073369948,1.4283527546995303,1.1488745894404067,1.2816980893087806,1.4176238931843916,1.5054666612031244,1.464677654124006,1.1847299176990127,1.205811289258792,1.3982813519791113
V5_CarOwnership_100_HelsinkiMedium,0.21215999377532624,0.32322509337887784,0.3757496939142194,0.2660499854302737,0.4776463459993693,0.24756061736269674,0.27899345791430163,1.1526917225155673,1.4254753566381453,1.2960534318888257,1.1297107794422567,1.3901018141962602,0.9757654795942907,0.9194299136781228,0.8174850907747961,0.5536730869751276,0.2399125764778397,1.1102230246251565e-16,1.4697080604284114,1.2937396639310166,0.8947179671318974,1.0687097286336262,1.0072875701562884,1.2817259828443754,1.05881132508078,1.4525864694769273,1.1198927194936337,1.3454893608530796,1.4045534435917357,1.1251480449284534,1.1004904143521572,1.2017614776028909,1.358615217185947,1.1808303436250163,0.9375673476493551,1.3927993040111715,1.1564961780651528,1.1065148178840412,1.4044897070897502,0.9173176645242627,1.1380495925762015,1.412712997839263,1.3157875221946327,1.1189975361797075,1.0002200691179057,1.2306150466829666,1.4120736119083683,1.1098704704084208,1.3990322577448688,1.17395850069991,1.2524595501418967,1.341513652154891,1.0978286678515654,1.2117609173618307,1.4484584584421292,1.5003479552922152,1.3302401260053134,1.1384165988271306,1.1884393497965344,1.3227130333332733
R10_TinyRange_5m,1.5270268307344397,1.3690168767943263,1.7341597404494071,1.5872081275250762,1.623840730981638,1.6586065769563407,1.7109637524866035,0.8281167057161825,0.6981500249470163,0.6484917329595477,1.0773316898974845,0.5403351806964006,1.0958594075333583,1.1924711488819317,1.2597218379682702,1.1930364143679693,1.6315687141939539,1.4697080604284114,1.1102230246251565e-16,0.27827769388416435,0.9980811769956642,0.6213380800312847,1.1954302385053124,0.44829019075045873,0.9595201989049791,0.6041872694373933,0.9562746678948314,0.8255195377518912,0.2807975005096338,0.9497901410163051,1.074864550647929,0.7127076171582223,0.9390299068239595,1.1566053980231101,1.1884837869770788,0.7986687492666507,0.63411305109039,0.9556722779435296,0.7166916264370837,1.2551840130385346,0.7012807081702725,0.8209751762534705,0.33703460003595154,0.7204914321587439,1.1674537700059293,0.7128788159473146,0.8209430481790151,0.7068624792651286,0.7245512554291391,0.8862472313604861,0.7381947001039162,0.29980526890867054,0.9252009275813953,0.8299642894016739,0.7630646219779162,0.7772279808245205,0.26420455192424086,0.8849575973559507,1.0995156875717573,0.42224021884579177
R11_SpeedExtremeLow,1.3206383879359413,0.9305459716021205,1.5317516267426678,1.370261085218798,1.4170712329694797,1.4221931998057813,1.467562136503986,0.9567057740563555,0.8976258057543589,0.6833283354052619,1.1958470331911168,0.706574034736623,1.1959998365590232,1.0457104010447915,1.103415028585924,0.9992063607373398,1.3938844820462384,1.2937396639310166,0.27827769388416435,1.1102230246251565e-16,1.1918403612035364,0.15709442062816514,1.061801528869378,0.2303162901410606,0.8154077041375073,0.7635589727542885,0.6897678964761271,0.688791601664726,0.5221554531776338,0.928697187792361,1.1635049348502506,1.031544702545746,0.8966946814260905,1.1795518422572087,1.0294889732622112,1.0562107975756463,0.8744013453434396,1.1879934796510723,0.8370886649931992,1.2539826223874762,1.1353073577283732,1.0818989801726357,0.6198571901712486,0.9357020346154062,1.1193353558576609,0.9594632713560513,1.0523536192242224,0.8138604523618724,0.8232650691125447,1.023357678135302,0.9358594646924648,0.7080026677825109,0.9354966067150414,0.9140739776784487,1.015169133696648,0.9598034479797802,0.5745991742126171,0.9398568767590114,1.1027474100815688,0.7273955057122969
R12_SpeedExtremeHigh,0.8729704520819264,0.9698021262269044,1.0511895022762157,0.9161424445167117,0.9716239589851985,0.9321699785191792,0.975185325248379,0.9977133620639265,1.155774047167215,1.139310139631665,1.0339039752610444,1.0501055277103015,0.9632360263703001,0.6885739618336089,0.5403574425239942,0.6830443009944327,0.9049661776046879,0.8947179671318974,0.9980811769956642,1.1918403612035364,1.1102230246251565e-16,1.2351923671366998,1.1006175538628418,1.2057598401857872,1.060216529307844,1.1383404577853729,1.158507452921675,1.2381829936883164,0.8212993974303069,0.9888145817757773,1.0696504001274914,1.1247706262369128,1.0612985437099989,1.098896189626416,1.1436605885387106,1.073580083041798,0.7969212304217488,1.2115220513130558,1.1571027806904883,1.2586085506552542,0.7092058541539922,1.0259364283861547,0.9081419957226067,0.8150360274127504,1.1797327303329888,1.026298188013243,0.9533838904999686,0.903284830382654,1.100158729683915,0.9753435703684775,0.9285618995442468,0.8013508167505585,1.0261312315550457,0.9862536542899013,1.121511851526309,1.0475336788080076,0.7669985658187536,0.9905788408540135,1.0973879655377903,0.8975128386871432
R1_Rural_RandomWaypoint,1.0632429402999655,0.6138520694096606,1.2150452742541202,1.0922694736700147,1.1356429367537888,1.1141806506580005,1.1456964468949167,1.1249430580995634,1.2487400209089639,1.0787211024086085,1.2131117504690971,1.1903691435921153,1.1908690580966232,0.924025373800927,0.9494360179011584,0.860285398650819,1.101769922516736,1.0687097286336262,0.6213380800312847,0.15709442062816514,1.2351923671366998,2.220446049250313e-16,1.1209352697472696,0.536148716669979,0.8104962263123868,0.775505195912588,0.6466186017281004,0.628153383327071,0.8528277160310047,0.9970956118509124,1.1561812193525631,1.0051212611585034,1.0193075374445855,1.1338462105693696,0.9206817521021644,1.0617186727954233,1.0237493097708836,1.0918008266953518,0.8785232362676855,1.1177322475131808,1.3308643752272298,1.2718171561519431,0.8613273894499419,1.0772859247352566,1.1085894950545183,1.0194075278073933,1.1960990345879021,0.948739753619013,0.9058110603707982,1.0922260131335022,1.0935810639811174,1.004084146439378,0.9914292453985265,1.007793591907365,1.1055492458050202,1.132696701328068,0.9214906993694334,1.0035930497799492,1.0842142239556856,0.940334497035018
R2_VillagesTrails_ThreeClusters,1.000200387832608,0.9773062728958044,1.1361571141037692,1.0329614987902185,1.0728978359369408,1.0527882313650059,1.0847905250918424,1.0479834887568327,1.187990995147355,1.0367762801068545,1.116294095667743,0.9848727843021587,0.9772789407727536,0.937720808329158,0.9522995736549855,0.8260171052370187,1.0221962777920153,1.0072875701562884,1.1954302385053124,1.061801528869378,1.1006175538628418,1.1209352697472696,3.3306690738754696e-16,1.0032324758068298,0.8174298013994965,1.3753589928550285,1.0801607794636157,1.270756842943431,0.9759702814011618,1.0346101220235873,0.3949210304915114,0.9073304379568904,1.1744718386162454,1.1246719836388361,0.8417951787354286,1.406113589015363,1.0793550122282525,0.8909968925866038,1.3356679537593483,0.4274124864506861,1.1397711669666297,1.1924954829581618,1.2110852076507694,1.0172246897132804,0.4319477625348658,1.2571247493250801,1.1497276632497346,0.9767593342553319,1.2123828823885283,1.0961145074565934,1.0622269455189546,1.1030116037473108,1.008660489235078,1.0616739202880785,1.3322267180842113,1.1923387733038,0.9807843969953355,1.0384810759517071,1.1204544360544368,1.159304504025743
R3_WildlifeTracking,1.3134780447427707,1.0798460203544602,1.4364323863248907,1.3414781753293876,1.356620779476807,1.3795041070780587,1.3990585408306042,0.595087188150111,0.5752849612256101,0.3087779531692514,1.1626871522322317,0.4257857607809381,1.168717192613257,1.0933130288751454,1.149011737616505,1.0977184663848114,1.3640837233441632,1.2817259828443754,0.44829019075045873,0.2303162901410606,1.2057598401857872,0.536148716669979,1.0032324758068298,-2.220446049250313e-16,0.8885000569369195,0.9440345768543614,0.774730424028319,0.8802455228709691,0.785743416806181,0.9737990792961811,1.1863163341338163,1.0435119814441194,0.8686738368607471,1.155327812574013,1.1038172677728417,1.1769059370463324,1.1579873867939972,1.1348186518881107,0.9497998021549104,1.2097186814461383,1.2368616396879166,1.0272587316287791,0.8189339597393591,1.1262373323918127,0.9980026172703584,1.010232893458577,1.0818496490618843,0.9032861073269662,0.9083005977269546,1.0445036902716363,0.9458774925209673,0.8895730470303683,0.9082707291056918,0.9908698542213619,1.01193014072729,0.9463511223866304,0.7928213172961613,0.9864907500658471,1.0906616882091231,0.9346892173955131
R4_ParkRangers_HelsinkiMedium,1.0589513333635854,0.8561645373090316,1.2874291741490647,1.0875414710316111,1.1207094890988414,1.1090069576000583,1.1362990234865844,1.043521191549377,1.2346056721117384,1.1033629826736362,1.1783333770236137,1.1056158288098819,1.0331686527635913,0.21760610698639526,0.2344895213182322,0.7206273039001827,1.0882163370551314,1.05881132508078,0.9595201989049791,0.8154077041375073,1.060216529307844,0.8104962263123868,0.8174298013994965,0.8885000569369195,4.440892098500626e-16,1.085487710415506,0.9495211498065524,1.0753733024914758,0.9193255172369791,1.021711656917122,1.232537338111159,1.269172856835688,1.2118961696522852,1.1446684769307185,0.13462523037800211,1.2847158956755584,1.193572693993569,1.1782122349559865,1.1759932381864375,1.1677430151685504,1.309497623570218,1.2234425765995516,1.1815877508173722,1.270840983694167,1.0134844073726845,1.1420910161876552,1.0958510540252235,0.9719140416701082,1.0661595759253035,1.081794196671836,1.0205058013984794,1.0140007925655656,1.001696059115161,1.0561647881446075,1.2107734770425091,1.1452853525165074,0.9651536164170362,1.0346733064270641,1.1103383351639402,1.0943196561969921
R5_MountainRescue,1.4843175163229252,1.3196280047183202,1.3004071801468955,1.3192723863446472,1.2261464783960736,1.4035936036346541,1.3157650545609303,1.0813136833087784,0.5432073526038694,0.8530720967302978,1.0796627655256545,0.9019112651103248,1.1548094203763724,1.1829662546382345,1.2502057942048337,1.22625450628552,1.4492961101612827,1.4525864694769273,0.6041872694373933,0.7635589727542885,1.1383404577853729,0.775505195912588,1.3753589928550285,0.9440345768543614,1.085487710415506,-2.220446049250313e-16,0.9856859067792094,0.22128850756108331,0.8290123240316902,1.0062863790437926,1.2352227936913955,0.8190369972712057,0.37320551611074204,0.8817942743881478,1.2838977614660694,0.12391151664969047,1.0389004789209235,0.9968564551614345,0.10614747933898372,1.3511166301709396,1.1199496794565094,0.2908840599396981,0.8581337870893763,1.1981500878958382,1.2465966822135794,0.8641989190310099,0.23743147937151654,1.032466933804515,0.170182353569155,0.7348845769041892,0.9617716651925937,0.6661945811925374,1.1189653090754,1.0546622677007516,0.18018559253848354,0.27283130274438383,0.8442324638571274,1.0367810391191514,0.9472174877543006,0.7845953293469701
R6_SparseLongRange,1.2607553174189372,0.931156734167549,1.2073331788191932,1.3375602627794039,1.1689975620040136,1.1206667875394876,1.0448263911522975,1.0402060083900295,1.067232676313532,1.0693631504936068,1.2080178669597212,0.9650070314425777,1.125770518054205,0.8058003620965953,1.0211603691916347,1.0083848984263066,1.1661755953592028,1.1198927194936337,0.9562746678948314,0.6897678964761271,1.158507452921675,0.6466186017281004,1.0801607794636157,0.774730424028319,0.9495211498065524,0.9856859067792094,3.3306690738754696e-16,0.8633602187920256,0.8194567958741021,0.2720987860104974,1.1516886189738595,1.0923823840454305,1.1258717463217498,1.1095864799404858,1.0487216810967794,1.180212986173385,1.1373080656362704,1.136953407980119,1.1527363271412834,1.171539840214413,1.256225754669687,1.313024128759626,1.0244239123016894,1.1611359884552033,1.08215973664094,0.5975747252848578,1.14234389663955,0.9974031155499906,1.1507858014159764,1.0570144325609137,0.527817706537563,1.1785488418333772,1.0235343363812748,1.0518597455764478,1.0507586004607135,0.9415677175323921,1.2175260285199188,1.0329287290601454,1.0073698428523763,0.947474022915443
R7_SparseTinyBuffer,1.3625140492839671,1.156656578735351,1.0278042080002305,1.2252445653868576,1.1224797445075645,1.3023259769411213,1.1642674414868937,1.1635199439961943,0.6508502957539612,0.866622747329848,1.1106695364277155,0.929157926871649,1.1823210514990845,1.0762304942099112,1.2121303018780798,1.2131467923271932,1.2871663846963188,1.3454893608530796,0.8255195377518912,0.688791601664726,1.2381829936883164,0.628153383327071,1.270756842943431,0.8802455228709691,1.0753733024914758,0.22128850756108331,0.8633602187920256,2.220446049250313e-16,0.8400609766242609,1.0336099583105092,1.2276451582944763,1.0619660956111807,0.3673227663129349,0.9270700646419231,1.186784889687907,0.3274240305610904,0.8982741750405456,1.1907857348823783,0.16115824100744136,1.3039101386876513,1.2073685259942595,0.4230837964442894,0.7564012115162808,1.1695597841866234,1.2396870843586572,0.8286429778272955,0.24448215905602277,1.4788869542528176,0.11693253050609964,1.2192019433268555,0.9743275604525259,0.7150931216749999,1.006124656044377,1.0934900199216613,0.17469127997708,0.4216138917910248,1.0682603571837663,1.059155925593471,0.9724651487908027,0.5989843664850483
R8_IntermittentPower,1.5113851553835183,1.3655651284100703,1.6316145019772206,1.6129753970557026,1.5584485068473746,1.5566326568675406,1.5635482579379838,0.9382152696971515,0.9272651454854113,0.9705811820794725,1.0698071431349618,0.5916615690083489,1.0519043252621474,0.9788883341775869,1.1720243178867942,1.09713882691254,1.5365033899449314,1.4045534435917357,0.2807975005096338,0.5221554531776338,0.8212993974303069,0.8528277160310047,0.9759702814011618,0.785743416806181,0.9193255172369791,0.8290123240316902,0.8194567958741021,0.8400609766242609,0.0,0.8356235238612139,1.0085502853157577,1.1074913074704387,0.914794405225364,1.1384922851320776,1.1102622029135694,0.9167231979290851,0.3681446414580285,1.3124965431083757,0.9174281097304331,1.3465064417456678,0.5303962367638952,0.8518470073310493,0.3236342666436076,0.5231165933667843,1.2101420934002165,0.5722510603132387,0.6882625107080402,0.7847531205268441,0.7905941877471192,0.9969639958550969,0.4142102189858753,0.3272726392544657,0.8751812501338943,0.7686400945006813,0.7741953576758578,0.6364309360986026,0.25676305565961877,0.844800237893998,1.0457352591802094,0.2560032984920333
R9_ExtremeRange_200m,1.1653598176591542,1.13585032817223,1.2210924195855222,1.1990281378209182,1.217636300617312,1.2372357186141512,1.2220958871269203,0.9852293359193794,1.0084739517486014,1.0028682759267047,1.0346099732420968,0.9797349023534042,1.0315620727063501,1.0863828672892606,1.0536528443717612,1.083796549165816,1.1824801614683795,1.1251480449284534,0.9497901410163051,0.928697187792361,0.9888145817757773,0.9970956118509124,1.0346101220235873,0.9737990792961811,1.021711656917122,1.0062863790437926,0.2720987860104974,1.0336099583105092,0.8356235238612139,0.0,1.0346691462462378,1.057721542453426,1.0734933796022788,1.0681411831611416,1.0680395684764716,1.0727426470362398,0.8933962639218724,1.1162951494817515,1.0022625188902927,1.1265734872307425,0.9124267130625815,0.993007561668179,0.8476690829356024,0.908655645233877,1.0871948775198197,1.0222190686374502,0.9951472967812416,0.9270275809748678,1.0525952710433597,0.9647838853691643,0.9312885311000981,0.8569815969726493,0.978594317400487,0.9752548056394497,1.0834154918103682,0.9427944093050679,0.857533631800514,0.9824872599253954,1.04307819749312,0.9470400952416298
D1_ShelterHotspots_Clusters,1.1099805965823668,1.244169917709058,1.0395224218238488,1.142718456791862,1.1731798886192706,1.1690637469039082,1.1993625986500793,1.0058165152482277,1.1445608510297318,1.1267712247786092,0.9974234984657516,1.079001987194728,1.004075331766843,1.2656333731997376,1.2282805010103595,1.2592739671616873,1.1479094712947493,1.1004904143521572,1.074864550647929,1.1635049348502506,1.0696504001274914,1.1561812193525631,0.3949210304915114,1.1863163341338163,1.232537338111159,1.2352227936913955,1.1516886189738595,1.2276451582944763,1.0085502853157577,1.0346691462462378,0.0,0.4742304855567905,1.1545381837768665,1.070987047418568,1.0343938789899976,1.101725457490981,0.780197623307241,0.6494731596718142,1.1610515414838167,0.18737536592286252,0.7339123656726143,1.0831658555956327,0.8840127344099751,0.610242007483922,0.3371982472566969,1.0406195464823955,1.162037303498626,0.9601017916920195,1.1899451718534737,1.031481162428076,1.061504523324114,0.9697816744257394,1.0458949277395062,1.0356782330278442,1.163088392509407,1.1739058414955703,0.9209663345439832,1.0230320893498626,1.11289353682594,0.9640766241581091
D2_PartitionedCity_MuleBridge,1.2321146613603056,1.3085544332265602,1.1716604551282936,1.2514994942547648,1.2550691611210398,1.2791928922096534,1.2915448140741481,0.9351423742209443,0.9304902114475475,0.9912752754585984,1.0120027292798388,1.0780337405800584,1.0159657246827558,1.2811075923003599,1.2678416899958778,1.3363575810421457,1.283838372477633,1.2017614776028909,0.7127076171582223,1.031544702545746,1.1247706262369128,1.0051212611585034,0.9073304379568904,1.0435119814441194,1.269172856835688,0.8190369972712057,1.0923823840454305,1.0619660956111807,1.1074913074704387,1.057721542453426,0.4742304855567905,-2.220446049250313e-16,1.2513111438335576,1.0790562027718824,1.1897427272430237,0.8290376260485994,0.9907110229717306,0.24065747180581154,0.8908989294037875,0.43171880996549006,0.8476993534691695,1.0497560740551883,0.7917741989589783,0.9221671838535609,0.7223386198545924,0.7320932323259649,1.1213680199515266,1.0018384251567172,1.0245277172859584,0.9895761249276167,1.0070954240735928,0.8164951091217667,1.034332275418426,1.0810604924882734,0.8862987757222238,1.1580599622986252,1.0022184535920022,1.052179338229843,1.11089917640771,0.8503734630925286
D3_Aftershock_ErraticMobility,1.371691713053542,1.3945711589691978,1.017603058177104,1.1775204875024579,1.083027339115048,1.250433602736131,1.1684210442180254,1.0848750811786576,0.3126542422013108,0.5532524531870273,1.0186390973214816,0.5582311229577723,1.1210564404506638,1.2877769214862957,1.264098410309693,1.3648134214751761,1.3102346344735936,1.358615217185947,0.9390299068239595,0.8966946814260905,1.0612985437099989,1.0193075374445855,1.1744718386162454,0.8686738368607471,1.2118961696522852,0.37320551611074204,1.1258717463217498,0.3673227663129349,0.914794405225364,1.0734933796022788,1.1545381837768665,1.2513111438335576,1.1102230246251565e-16,0.871079305913025,1.2343738920332754,0.22957553759972404,0.8913305641171794,1.3742139737385344,0.2526679582044846,1.301731179056757,0.9196196428694746,0.1465574336118265,0.9336087619704889,0.9387420637751099,1.2516945061495284,1.142276075017945,0.29539658208791897,0.9195140817348929,0.32932323984530953,0.6109033322541332,1.0758854528614592,0.9418879735422431,1.0642714056295417,1.0652559148843765,0.3546434127435526,0.1973923228334189,0.8444984278783809,1.0416716945318487,0.9319906632742512,0.9924832001729254
