,U1_CBD_Commuting_HelsinkiMedium,U2_SparseSuburb_HelsinkiMedium,U3_MicroMobility_HelsinkiMedium,U4_CongestionHotspot_HelsinkiMedium,U5_WorkdayShort_HelsinkiMedium,U6_OfficeWaitHeavyTail_HelsinkiMedium,U7_HighTimeVariance_HelsinkiMedium,C1_Campus_ClassChange,C2_ExamDay_LongStays,C3_Hackathon_24h,C4_Stadium_IngressEgress,C5_Library_Quiet,C6_EmergencyDrill_Evacuation,V1_TaxiLow_HelsinkiMedium,V2_TaxiHigh_HelsinkiMedium,V3_BusOnlyCarriers_HelsinkiMedium,V4_CarOwnership_0_HelsinkiMedium,V5_CarOwnership_100_HelsinkiMedium,R10_TinyRange_5m,R11_SpeedExtremeLow,R12_SpeedExtremeHigh,R1_Rural_RandomWaypoint,R2_VillagesTrails_ThreeClusters,R3_WildlifeTracking,R4_ParkRangers_HelsinkiMedium,R5_MountainRescue,R6_SparseLongRange,R7_SparseTinyBuffer,R8_IntermittentPower,R9_ExtremeRange_200m,D1_ShelterHotspots_Clusters,D2_PartitionedCity_MuleBridge,D3_Aftershock_ErraticMobility,D4_MedicalTriage_TwoClasses,D5_UAVMule_FastRoute_HelsinkiMedium,D6_ShortTtlCritical_5to10min,D7_HighLoad_TrafficStorm,D8_InfrastructureReturns_BackboneLinks,D9_Critical_1minTTL,S1_StrongCommunities_SeparateClusters,S2_WeakCommunities_HighMixing,S3_PeriodicMeetings_RegularRhythm,S4_RandomMixing_NoHotspots,S5_TwoLayer_StudentsStaff,S6_FamilyGroups_SmallPersistent,T10_HighRateLowSpeed_Congestion,T11_TTL_1min,T12_TTL_Infinite_Buffer200M,T13_Buffer_256k,T14_Buffer_200M,T15_TransmitSpeed_256k,T1_ManySmallMsgs_HighRate,T2_FewHugeMsgs_LowRate,T3_MixedBimodal_SmallAndLarge,T4_VeryShortTtl_5to10min,T5_VeryLongTtl_6to24h,T6_UniformSources_RandomFromTo,T7_TargetedToHubs_FewDestinations,T8_BurstTraffic_TimeWindows,T9_BufferStress_SmallBufferHighTraffic
U1_CBD_Commuting_HelsinkiMedium,-6.661338147750939e-16,0.4268522285844081,0.3114425178851785,0.4885572474090797,0.32791493287340157,0.6791022407828813,0.6631470185277437,1.1507837980605045,1.3672353762371743,1.2782367465691502,1.218063160305576,1.3289756736104963,0.9908047349416643,0.8595687851519153,0.7374146453987118,0.7297882468778596,0.573573932205394,0.3674980882465063,1.423908894474863,1.299911975840083,0.797143834000224,1.086223534557445,1.0367770890080565,1.298377967538791,1.0616216072764721,1.241897210883528,1.186355446418666,1.2952297543410798,1.117414991716907,1.1474570258419743,1.0534775318614447,1.1896940826434694,1.2437509489326455,1.237740007983994,0.899792561450834,1.1582558120061524,1.062656333999816,1.116581609316228,1.124268154209583,0.9339607293810461,1.1312497730740838,1.290220324787192,1.3149704357127878,1.0995124655110087,1.0248105537922267,1.3364894306499797,0.9327032536477798,1.219651318370326,1.2628045003587682,1.2395715843249773,1.1849238430159108,1.3176836846836495,1.1005658285335023,1.1717690425306224,1.322697336091698,1.3415774637554372,1.2878382993559665,1.317034575612048,1.3287777212414955,1.3087528037656602
U2_SparseSuburb_HelsinkiMedium,0.4268522285844081,-4.440892098500626e-16,0.616612477006882,0.7298794015936272,0.5327387974655553,0.6334595958134126,0.7220520626017414,1.2034323299995153,1.4386511581858592,1.2848585147666156,1.3147319985463488,1.3258221769472338,1.0438540472026976,0.7206687367900437,0.6849218352592052,0.6390007814335513,0.6975379990327994,0.5382789188293049,1.2495673724663159,0.9851189538430165,0.8652072519407987,0.7281414767209,0.9927769219746915,1.0869068687484424,0.8856281112901196,1.164959300710615,0.9410105710668886,1.0675548815342901,1.073342979288697,1.1018060618759065,1.1305266903186633,1.2176745307691692,1.2821604360402798,1.2697987217288664,0.8697589402680325,1.2143206760623224,1.1686611699633662,1.1694965400248118,1.19243724494208,1.0486776076778828,1.3218715221582091,1.413565765806921,1.292356510224666,1.1567669069658586,1.0123039137399013,1.2445020456808702,1.0595789297264224,1.1804125873408537,1.2078057709205736,1.2316294619678503,1.119139510295484,1.2752951409940483,1.075387944672154,1.132251970033208,1.3332021496611395,1.3429158314180836,1.2446737558793628,1.247880713656274,1.2873040482594125,1.2399119965555832
U3_MicroMobility_HelsinkiMedium,0.3114425178851785,0.616612477006882,-2.220446049250313e-16,0.4799310000435031,0.24129322392213315,0.5916546101986284,0.5065346260043091,1.1627457388695217,1.2284131167805552,1.2458600994096019,1.1133346969104805,1.3143233322522614,0.9680152059688748,0.9851767813046636,0.8811850467180251,0.9357640920565378,0.5144912924062817,0.3596693012643204,1.5964941281279392,1.472479241362782,0.9265825974399614,1.21197050584504,1.138600067473147,1.4351242056871423,1.2648920276861064,1.1940834823973838,1.2220246058032707,1.2096264211435441,1.1499323198293332,1.1961245765192507,0.9849253973002233,1.1476024493003647,1.0426671221358776,1.1127042330305577,0.9236850189639595,1.0006857327768606,0.7975357070408056,1.0600749013572954,1.1660007344680217,0.7849513642614415,0.9354810496957165,1.1014952968593401,1.206941587619467,1.0369331116926783,1.069272009119402,1.2243284765782714,0.998454595276977,1.4181376456289212,1.1647279445427077,1.2887836539531832,1.1641135969315937,1.3733440258581104,1.1644955127582641,1.2159187335342514,1.0864659699917385,1.2314357600940804,1.4856179042592468,1.373407405773267,1.2517799084662713,1.221709535260846
U4_CongestionHotspot_HelsinkiMedium,0.4885572474090797,0.7298794015936272,0.4799310000435031,-2.220446049250313e-16,0.5021820167800141,0.24611973992065972,0.15764952374209906,1.2618395850886186,1.4677260373208123,0.9509486686625822,0.7694155262159579,1.440851636340819,1.0584203587714944,1.030530979148339,0.9153181690891395,0.3973721605689685,0.1299111187786265,0.5937736295268483,1.7013624390104338,1.5371755169299646,1.0357306187717417,1.241714378363334,1.2116425975434686,1.4481488887046563,1.2205826602239738,1.3664153860730168,1.314518588718296,1.535760809817253,1.2029682336280134,1.27862830088188,1.2438775494800414,1.3027386260471931,1.4422666918052154,0.6684367040446808,1.0957669162286476,1.305715004836092,1.2063273427281949,1.0847477958766452,1.2458423102864729,1.1174832049481718,1.4393931102928443,1.4685455013727566,1.61692168386648,0.7757704167439057,1.1240617399281791,1.5307923749214591,1.005215874559215,0.7300835620444368,0.888665145817544,0.7503738183960407,1.4368399516723223,1.5699981003414019,1.1639722018211878,1.1490757132671146,1.4638089305971205,1.5850834181199485,1.6291634972573994,0.9501555411328603,0.7376274005232224,1.5796940992061526
U5_WorkdayShort_HelsinkiMedium,0.32791493287340157,0.5327387974655553,0.24129322392213315,0.5021820167800141,-4.440892098500626e-16,0.593007561500031,0.561743019594845,1.2000152229524452,1.2704061938438023,1.262901323495007,1.2345111396404544,1.317542374383159,1.006306191604955,0.8490618058679462,0.768117391657499,0.7633279972741623,0.5213114086732957,0.4418466829886709,1.5038681708284463,1.375018039956445,0.8389747791706483,1.1367496962299086,1.0795687299160894,1.358754106899164,1.1041029757243708,1.1385819951849478,1.175028641750018,1.2877916383119146,1.132924021554776,1.1946093653041725,1.0970618487579897,1.2190868280649794,1.0968905729678968,1.142790132089543,0.9428685924004594,1.046301967143676,0.9498684119493324,1.143944642566984,1.1249440428870958,0.9724942206141689,1.1977095340555999,1.1639493539698738,1.3914039661005007,1.1525765172204236,1.048594054269461,1.2857297906878065,0.9817043775109323,1.2661741267755833,1.197049957549513,1.1621918492217476,1.126169551876744,1.4005101899328523,1.1213071467061568,1.210687258867185,1.1698287286012723,1.1893141962968337,1.406385698603187,1.3739943207948928,1.2588287325337366,1.344100388245053
U6_OfficeWaitHeavyTail_HelsinkiMedium,0.6791022407828813,0.6334595958134126,0.5916546101986284,0.24611973992065972,0.593007561500031,1.1102230246251565e-16,0.2277944246737561,1.2224238769169409,1.4221225964390187,0.9849759648047995,0.8403033296207045,1.376693306204471,1.0518397204498926,0.9802689473206322,0.9237082442102534,0.4438364724761844,0.34758360377281183,0.660009695734042,1.6311809436998346,1.4829364794888282,1.030866787705666,1.217926877563889,1.1903304041820428,1.3967577113096254,1.1981517638413948,1.3456736429441467,1.1993546041285308,1.5110843173318034,1.1756309579556932,1.2474030743236562,1.219000844031416,1.2729778612333043,1.4136262636484374,0.6982415517365772,1.0853002390355238,1.2887856247710996,1.218035094073287,1.0756627919238015,1.3541791505582481,1.1050223944212347,1.4174874906708657,1.476473712946229,1.585608748096214,0.7956026717774136,1.1107865763161053,1.3773554393508258,1.1910524193552157,0.7178166329564273,0.9502614041494125,0.6907882620227626,1.2331950802056402,1.579349517506226,1.17569504813793,1.0399274694098528,1.4356438942884817,1.5033456650743262,1.595515755791367,0.9532369618803056,0.7677490096349828,1.5366490370881614
U7_HighTimeVariance_HelsinkiMedium,0.6631470185277437,0.7220520626017414,0.5065346260043091,0.15764952374209906,0.561743019594845,0.2277944246737561,0.0,1.2345316924105054,1.4084382993876208,0.9580338383733089,0.7947321090955134,1.3961412761906462,1.056336214487456,0.9722800508607234,0.9342535679394743,0.4576581716903413,0.18693794647580542,0.6122624817789898,1.703416665659298,1.5412728536975822,1.0526011346650437,1.2513850024107058,1.2206791668256043,1.4350992448540338,1.2276343614099903,1.3260766437306604,1.183037802556623,1.507427780076244,1.19179588053842,1.252635217624746,1.2520923110829552,1.3017621823533703,1.3898280683081063,0.6739753512573312,1.109935478796236,1.2666598123783304,1.1801829266198662,1.0921806862625278,1.3885205874185007,1.1288435574423306,1.4546470922624597,1.455179048614508,1.6275103897785588,0.8078581276793926,1.1273229379987573,1.37087869185951,1.2125970971901985,0.7236101406702329,0.9021899492862815,0.6574087447873719,1.2222126744559672,1.6260471049089344,1.2030216848978865,1.2024080035441613,1.3857123356667271,1.4783213141221634,1.6890676991420157,0.9756529700318227,0.6791362892779991,1.5585583225765705
C1_Campus_ClassChange,1.1507837980605045,1.2034323299995153,1.1627457388695217,1.2618395850886186,1.2000152229524452,1.2224238769169409,1.2345316924105054,-2.220446049250313e-16,0.7273248752439421,0.972530342470853,1.0048867648824713,0.7196608220909315,0.863393433152878,1.1524456310679763,1.164606390604804,1.247926536815602,1.2193010683423267,1.141328763378393,0.8498717253365429,0.9466108179118761,1.0219803960103184,1.1076815377145255,1.0357504511199016,0.6118981229066537,1.0398457180319833,1.0804615465650356,1.017429245678472,0.9310111968248244,1.0006071661952847,0.9483894143949143,1.0157391467258534,0.9393951168594173,1.0542647771642342,1.1845450901775094,1.0882978644638033,1.0757723474685377,1.0996680593692743,0.9966576492381067,1.0208222700016663,1.0235420380672593,0.8008791257103,0.9408878930814737,0.8101410271853693,1.0840452484423448,1.029186844392782,0.9628644175846505,0.9724179313194345,1.0185901113901445,0.972883255681974,1.0663211330623237,0.7859173975993551,0.969608660559837,0.7541713961798187,1.0138893341052926,0.9637448335496336,0.8368100369526523,0.8647808558148843,1.0454134693862895,1.1622371628091759,0.9859885182912905
C2_ExamDay_LongStays,1.3672353762371743,1.4386511581858592,1.2284131167805552,1.4677260373208123,1.2704061938438023,1.4221225964390187,1.4084382993876208,0.7273248752439421,-4.440892098500626e-16,0.45734102249962716,0.9543934215300997,0.12571550826500177,0.8740642727245215,1.3397255494760378,1.3957944693402382,1.5268783532801433,1.4786712867113918,1.3907762145285871,0.6364830636761274,0.7857389638255716,1.2117159441223673,1.127895925775707,1.0711717934142773,0.5387463165903195,1.1366664066576928,0.7245014453649024,0.9887374679990707,0.8092425349040722,0.985699257491512,0.9468891183807735,1.117691722968879,0.9098157902528364,0.3692724291469692,1.0230197761499726,1.272282601028189,0.7371960501613586,0.8324992384567003,1.015218081754848,0.6204859841814475,1.1143697900443978,0.8520928986962535,0.3555031803028008,0.7074832598038155,1.2802285280762322,1.0204133233818133,0.7920925197362316,0.9064876264887077,1.1177243587817187,0.9581879826411391,0.9715185987121299,0.9810754682032913,0.7711342617602466,0.9897341314486974,0.9924623418137882,0.510438017987386,0.44813719326435486,0.8053365724520295,1.0799331631929545,0.9746890475175402,0.8225308165684436
C3_Hackathon_24h,1.2782367465691502,1.2848585147666156,1.2458600994096019,0.9509486686625822,1.262901323495007,0.9849759648047995,0.9580338383733089,0.972530342470853,0.45734102249962716,3.3306690738754696e-16,0.9113102729409983,0.4296376777748899,1.1592779927791899,1.2621239847380306,1.2741159378636353,1.0795668071930156,0.9663829033343765,1.2849955935182462,0.8633718651706517,0.8645916170590886,1.2263690867266526,1.0883622083073234,1.0621213952014936,0.5974059834867727,1.1158443252721453,1.3720400987153791,1.0354876016818282,1.025771034902876,1.0308898012099579,1.0390467202524618,1.168101645838541,1.0348256520586359,0.7887501672033455,0.8239387649424905,1.2292613877523084,1.428992884642464,1.4563874649045327,0.9670941879347761,0.8741440498441588,1.144751168609844,1.0990548489500402,0.8275901228561515,0.9465196622869492,1.0755626223712156,1.0034008780973085,1.0378524655287373,0.9936375231044027,0.737085374714485,0.9424628301119518,0.7433673886458838,1.1918989092205559,0.9790487969352213,1.0281222414589761,0.9729875798094572,1.146634694542608,0.9492630163128996,1.0230280249182448,0.9212434675628874,0.5135949936032342,1.0406116302579866
C4_Stadium_IngressEgress,1.218063160305576,1.3147319985463488,1.1133346969104805,0.7694155262159579,1.2345111396404544,0.8403033296207045,0.7947321090955134,1.0048867648824713,0.9543934215300997,0.9113102729409983,-2.220446049250313e-16,0.9443169347959557,0.7388923695021361,1.3140678012965625,1.266169148931617,1.0438281042427862,0.7755714631636277,1.2144094860611572,1.2228417353594379,1.3281257017259027,1.1327120961870407,1.3290227730268493,1.2158220126330248,1.273711473672844,1.2927451517944224,0.7796791239028782,1.2596137040093047,1.2798429751613711,1.0794317420381472,1.0806609047496916,1.08396039219293,1.0764626110847313,1.1513630360663971,0.7391953996304814,1.2141498545979816,0.6713856787116987,0.6407328835894651,0.9559500673526526,1.0522575167037673,1.1156008173933554,0.9473663968168065,1.0547262986653814,1.1123292083053125,0.8817447250216789,1.1760455148410018,1.1375584027806813,0.9787600382808189,0.642832634142918,0.9905850805994953,0.6802099073197706,1.178429889090515,1.0870607911188652,1.0670442713247033,0.9919334221763165,0.8834904123306397,1.1930061161068308,1.1338146366650037,0.9268914418289211,0.36788884860766546,1.1196676388808982
C5_Library_Quiet,1.3289756736104963,1.3258221769472338,1.3143233322522614,1.440851636340819,1.317542374383159,1.376693306204471,1.3961412761906462,0.7196608220909315,0.12571550826500177,0.4296376777748899,0.9443169347959557,0.0,0.8440019672243764,1.2196968986174124,1.2944204258718226,1.387376111730247,1.417769540821198,1.305397680567283,0.5997998361500976,0.6587594015222231,1.1521152618394699,1.0405886872461474,0.912358081256079,0.4028927793550958,1.0244804132457976,0.9753099650774285,0.9314328118068494,0.8541726556297722,0.9506864012778359,0.982634120136357,1.0709877653381255,1.031063304010518,0.6130522692568952,1.1757146444581534,1.1697364380207949,1.00060047125855,1.0417676197115584,1.1171564460489505,0.8995395057046,1.0984531193769445,0.8413867618862687,0.6755472423571077,0.6802430532004535,1.2003818795994912,0.9560567542284527,0.823626640795799,1.1015948747866935,1.0335536172726023,1.1227277412088283,1.0303249046798244,0.9024373672013497,0.7775477741539691,0.9638021082520046,0.938956026292418,0.8181311287684186,0.7154597650937304,0.7252857710511021,0.988824156825939,1.039963134037546,0.799342628798958
C6_EmergencyDrill_Evacuation,0.9908047349416643,1.0438540472026976,0.9680152059688748,1.0584203587714944,1.006306191604955,1.0518397204498926,1.056336214487456,0.863393433152878,0.8740642727245215,1.1592779927791899,0.7388923695021361,0.8440019672243764,6.661338147750939e-16,1.0119223808244315,0.9766770904486646,1.0709143736739335,1.0398626462284597,0.9772778040800606,1.2187648651499763,1.2536802534292062,0.9133751619235787,1.1972368911072977,1.0723593929797053,1.2045759818962247,1.0906839758982971,0.9666675728706096,1.1193330583514904,1.2339473747216818,1.0573411318370922,0.8308383352201696,1.045543496638004,1.0599063199332828,1.219979195092886,1.137585093159896,1.020295498247802,0.9042830433419016,0.8788870604457616,1.0246652837494183,1.145203154951604,1.0154123308969187,1.0044688800725572,1.163234668706608,1.170207447553802,1.0639289529293516,1.0694317004980394,1.093228489377819,1.0094709997737206,1.1070468637779585,1.1619600322311765,1.1035781118414776,1.0197504668626771,1.1286866998935525,1.0657496204422006,1.0893326430274153,1.0535175083043071,1.2031756987463806,1.1588824904741868,1.158686810667012,1.172027371830998,1.1372503783371746
V1_TaxiLow_HelsinkiMedium,0.8595687851519153,0.7206687367900437,0.9851767813046636,1.030530979148339,0.8490618058679462,0.9802689473206322,0.9722800508607234,1.1524456310679763,1.3397255494760378,1.2621239847380306,1.3140678012965625,1.2196968986174124,1.0119223808244315,-2.220446049250313e-16,0.06655736820574731,0.72712866285667,0.9760897621127346,0.8255054617719436,1.1552995515839055,1.0554589951692206,0.5683869306782947,0.9288862773752381,0.9406305783133583,1.1096254401956447,0.23712642040898624,1.1001007670556933,0.9049919884931948,1.012522693538498,1.0160901550975106,1.0767806410682477,1.1737512666058778,1.2420238571384319,1.2510062945566622,1.2339296119652736,0.2878813368298325,1.1622075980419915,1.1192429302026763,1.1860859397930865,1.3751031691128817,1.1780936968653994,1.2051746891309012,1.319877427532768,1.2224502913935682,1.1535191229321073,1.0727567091829284,0.96353864789179,1.1438268805777612,1.2230751968103526,1.1148327247071503,1.1925949699470557,0.7240164043792165,1.0889052317677113,1.0526748223817353,1.0827642745825774,1.1667839285838817,1.1605794491252202,1.149395052803442,1.1860883500423403,1.2205673980341116,1.0310772451544155
V2_TaxiHigh_HelsinkiMedium,0.7374146453987118,0.6849218352592052,0.8811850467180251,0.9153181690891395,0.768117391657499,0.9237082442102534,0.9342535679394743,1.164606390604804,1.3957944693402382,1.2741159378636353,1.266169148931617,1.2944204258718226,0.9766770904486646,0.06655736820574731,-2.220446049250313e-16,0.7089625523286703,0.9122402185144979,0.7388696944208906,1.2650734384414508,1.1589415817318822,0.45112971294684534,0.9880592744402537,0.990761472263672,1.1967098232948425,0.3173573122091068,1.1632974638370568,1.0324642725707747,1.1764936174987346,1.05662191359154,1.0593065260115027,1.1422761844508258,1.2346515516506806,1.2831732083133927,1.2340751467930526,0.28907604966552924,1.170061572823674,1.1209682694952585,1.171629237504751,1.2077258325238729,1.1311339011489314,1.1909405514201143,1.3373367804299345,1.3025946556811414,1.0998895836162557,1.098891711689308,1.1932468435634613,0.9323366478489243,1.1704272508663776,1.1689022890411187,1.2029179823093528,0.9390547919329624,1.16439628478754,1.054080131717007,1.1096392074276233,1.296241668109735,1.2713033743997375,1.1561364940887842,1.2232613244768749,1.2795493600650547,1.1829254301191277
V3_BusOnlyCarriers_HelsinkiMedium,0.7297882468778596,0.6390007814335513,0.9357640920565378,0.3973721605689685,0.7633279972741623,0.4438364724761844,0.4576581716903413,1.247926536815602,1.5268783532801433,1.0795668071930156,1.0438281042427862,1.387376111730247,1.0709143736739335,0.72712866285667,0.7089625523286703,-6.661338147750939e-16,0.42835017977182743,0.7324435185403227,1.4402002534726606,1.2825718230865708,0.8322492650710909,1.0633468271775912,1.0471662214361375,1.2603227574248315,0.9425097892070053,1.298991101861738,1.1046708488607937,1.368942718590318,1.1202904328895444,1.1801062412020225,1.2864825353754776,1.343405160119099,1.5274894697499517,0.573406831155455,1.0273250437107824,1.3712622062518698,1.3416410852498915,1.1113884682041282,1.357058439306499,1.265991945295611,1.5274123843950194,1.5594117330442385,1.5685129140843221,0.6919198654558285,1.0501831535967465,1.3644155438478995,1.0730476606515797,0.7566566351928963,0.741271485580835,0.8201701422915751,1.1573451277567441,1.3712059787901665,1.138636624234525,1.0137771485433582,1.4753275252142601,1.5112476439330353,1.4118480991428497,0.721352855668803,0.929178955979619,1.4218730131421151
V4_CarOwnership_0_HelsinkiMedium,0.573573932205394,0.6975379990327994,0.5144912924062817,0.1299111187786265,0.5213114086732957,0.34758360377281183,0.18693794647580542,1.2193010683423267,1.4786712867113918,0.9663829033343765,0.7755714631636277,1.417769540821198,1.0398626462284597,0.9760897621127346,0.9122402185144979,0.42835017977182743,-2.220446049250313e-16,0.5999198440454208,1.673885593927019,1.5103357138716471,1.023810323047764,1.2323514382972107,1.191949049464696,1.4142389468321106,1.2050880999120495,1.3934552894862866,1.200070787967878,1.459693698142344,1.1833141659879045,1.2073117935842388,1.2287377919538192,1.2999207427331068,1.4897604374184263,0.731790012968591,1.0843909568895203,1.3413793960229057,1.2207200792593902,1.0884413594418372,1.3912970686945756,1.1102582056697956,1.382090763237708,1.521001486239973,1.5418182450018274,0.7739454498447483,1.1149020526965951,1.4095927174524028,1.1259957714667843,0.7819066621606426,0.8994441614546784,0.7979520215373808,1.2973823921103635,1.5234102436420471,1.1916312295523173,1.1761496009841568,1.4499665245428262,1.5952215715042244,1.6335167544283042,0.9427535090418697,0.7361673826825836,1.483963088493802
V5_CarOwnership_100_HelsinkiMedium,0.3674980882465063,0.5382789188293049,0.3596693012643204,0.5937736295268483,0.4418466829886709,0.660009695734042,0.6122624817789898,1.141328763378393,1.3907762145285871,1.2849955935182462,1.2144094860611572,1.305397680567283,0.9772778040800606,0.8255054617719436,0.7388696944208906,0.7324435185403227,0.5999198440454208,-2.220446049250313e-16,1.3747492627626126,1.2668975014513963,0.785080195080586,1.075292770366053,1.0206122111353313,1.2757791252764634,1.0483336370017848,1.2839013684049327,1.1108094006983353,1.2704428800291012,1.0966325234072496,1.1054234394157285,1.0297117237489166,1.1633792393573401,1.3100312178385178,1.2747313873288957,0.8895305514842149,1.20560838405312,1.109634702502821,1.0942462672067708,1.2480698320824222,0.9178871842905562,1.084125127498499,1.3643314122615886,1.2598974042596227,1.0699243596841241,1.0146810770622456,1.2235764547425472,1.0594336214713813,1.2052846928964454,1.298982882692283,1.2352880446935075,1.068219530990668,1.2819766622567945,1.089230313506978,1.1474592764608855,1.354149590615543,1.3782627093900186,1.2605044559451475,1.2789526676781846,1.326759197108745,1.2367097780711211
R10_TinyRange_5m,1.423908894474863,1.2495673724663159,1.5964941281279392,1.7013624390104338,1.5038681708284463,1.6311809436998346,1.703416665659298,0.8498717253365429,0.6364830636761274,0.8633718651706517,1.2228417353594379,0.5997998361500976,1.2187648651499763,1.1552995515839055,1.2650734384414508,1.4402002534726606,1.673885593927019,1.3747492627626126,0.0,0.19323899704423797,1.0671929190387692,0.5349062478409523,0.969250916739011,0.37208894859233865,0.8298959856035805,0.7079182637586139,0.7932457959335523,0.33862342821258795,0.8366113670853424,0.901495800870472,0.9833811586730737,0.6757753779531559,0.6439275440719506,1.3215779235525185,1.0838381991478943,0.8617673482583081,1.0497847334794943,0.8821692498570838,0.6448056336276342,1.0632116205402047,0.5866829523857306,0.6148022201410391,0.2282821318787117,1.1612131328357487,1.0193839519079366,0.41353420131288576,0.9754554989522816,1.0367242806610555,1.0383151206000318,1.1679512035079957,0.7153353188372766,0.23156362394281516,0.8569421601529481,0.7727028751633355,0.6506583703735649,0.5555778797497943,0.18089779683411522,0.8321844550682878,1.1202339623054982,0.2976344296195059
R11_SpeedExtremeLow,1.299911975840083,0.9851189538430165,1.472479241362782,1.5371755169299646,1.375018039956445,1.4829364794888282,1.5412728536975822,0.9466108179118761,0.7857389638255716,0.8645916170590886,1.3281257017259027,0.6587594015222231,1.2536802534292062,1.0554589951692206,1.1589415817318822,1.2825718230865708,1.5103357138716471,1.2668975014513963,0.19323899704423797,0.0,1.2214089491352016,0.15985084079813583,0.8915409419285212,0.20060241638216725,0.7264809779901136,0.7963855631707277,0.5767058927960969,0.2719018180178756,0.8762664460872003,0.8890657016055019,1.0758710464127632,0.9424582015942309,0.6488369275357734,1.3494849692053639,0.9755791713116317,1.0033839758349554,1.1151360955949023,1.1050051355791333,0.7252982300333197,1.0919977545046944,0.9169272395758511,0.8371307416933781,0.41228771470854897,1.2172084831314551,1.0012653783303855,0.7103863265687287,1.0699432358770389,1.0510347485124423,1.0679356401388127,1.208231208434712,0.9425990636739966,0.5516299715463973,0.8728012788079283,0.8361943385770251,0.8444657524569956,0.7180746834256941,0.41983110240233124,0.8936437900781125,1.1255528338135223,0.5397205154279465
R12_SpeedExtremeHigh,0.797143834000224,0.8652072519407987,0.9265825974399614,1.0357306187717417,0.8389747791706483,1.030866787705666,1.0526011346650437,1.0219803960103184,1.2117159441223673,1.2263690867266526,1.1327120961870407,1.1521152618394699,0.9133751619235787,0.5683869306782947,0.45112971294684534,0.8322492650710909,1.023810323047764,0.785080195080586,1.0671929190387692,1.2214089491352016,2.220446049250313e-16,1.230363338506629,1.1152520288711967,1.2410489942347895,1.0498592131700195,1.0920060904519044,1.1474380717057644,1.1414889197502185,0.9929373893398926,0.967623274162358,0.983116737813299,1.0941960279144216,1.1250857851155875,1.1595412051731264,1.0474018942130603,1.0141887773531713,0.9700369939791317,1.1979213555914683,1.110677391375329,1.2246907856667035,0.7678868803544335,1.0770277563485104,1.0407859996374615,0.9215677485906542,1.1850903222204436,0.9690266121097156,0.775447554205709,1.128652790596512,1.100322406240285,1.156162515421555,0.6383446397879222,0.8440307949274563,1.0217164060300952,0.9990621856117718,1.120502924943143,1.0333912129016316,0.8271775096326122,1.0975412152349062,1.2292419175978402,0.9048473611607413
R1_Rural_RandomWaypoint,1.086223534557445,0.7281414767209,1.21197050584504,1.241714378363334,1.1367496962299086,1.217926877563889,1.2513850024107058,1.1076815377145255,1.127895925775707,1.0883622083073234,1.3290227730268493,1.0405886872461474,1.1972368911072977,0.9288862773752381,0.9880592744402537,1.0633468271775912,1.2323514382972107,1.075292770366053,0.5349062478409523,0.15985084079813583,1.230363338506629,-6.661338147750939e-16,1.0219229675871713,0.47466263918423124,0.7556796824186439,0.815433298329464,0.5630675346324725,0.37043023271044384,0.9510602890476147,0.9669667098608686,1.10677426339255,0.9567099082553078,0.8611815530712033,1.2649306938379676,0.8941243898990855,1.0205443614019976,1.1089997148199122,1.056208301985864,0.8217732169135068,1.0430901670798196,1.1825553106810527,1.11070550290157,0.722764162258912,1.1723329416986519,1.0468924895316025,0.8823329854413036,1.1028324376209904,1.0710544094292112,1.0328479701814892,1.1856113826572656,1.0973523220778132,0.8803697271776204,0.9509132270279311,0.9454164387459394,0.9930331479143766,0.9676537203730922,0.7878467668334983,1.0000627669229807,1.1248350975995578,0.8044504640994998
R2_VillagesTrails_ThreeClusters,1.0367770890080565,0.9927769219746915,1.138600067473147,1.2116425975434686,1.0795687299160894,1.1903304041820428,1.2206791668256043,1.0357504511199016,1.0711717934142773,1.0621213952014936,1.2158220126330248,0.912358081256079,1.0723593929797053,0.9406305783133583,0.990761472263672,1.0471662214361375,1.191949049464696,1.0206122111353313,0.969250916739011,0.8915409419285212,1.1152520288711967,1.0219229675871713,-4.440892098500626e-16,0.8988575369769755,0.7606582297188176,1.2102513712712764,0.9930956194527065,1.0177552774592862,0.9770067120628021,0.9982162287661835,0.401890625016356,0.8629739433387593,0.9788460321868971,1.2539670641192964,0.8193176143609995,1.2322652427338503,1.1420582131677257,0.84672494344237,1.1091242954353666,0.4017538034016507,1.0156348472838255,1.0375548760826157,0.9671301854104749,1.1507258652018124,0.4111940413137103,1.1712600837915224,1.0803705064342386,1.0997809373084344,1.249228775941408,1.1966870561525071,1.0421763562624942,0.9633557878540574,0.9657272108015054,0.9828821847153032,1.1731342287964772,1.011612527829208,0.8333109963123932,1.05856815795796,1.1813499958892482,0.982141342071303
R3_WildlifeTracking,1.298377967538791,1.0869068687484424,1.4351242056871423,1.4481488887046563,1.358754106899164,1.3967577113096254,1.4350992448540338,0.6118981229066537,0.5387463165903195,0.5974059834867727,1.273711473672844,0.4028927793550958,1.2045759818962247,1.1096254401956447,1.1967098232948425,1.2603227574248315,1.4142389468321106,1.2757791252764634,0.37208894859233865,0.20060241638216725,1.2410489942347895,0.47466263918423124,0.8988575369769755,-4.440892098500626e-16,0.8157984376208606,0.9206866077332064,0.6801844632307348,0.5126649211144872,0.9315527940187526,0.9395632451494076,1.1385788732475672,0.9860646568551565,0.717395942814232,1.3126415022005455,1.0690673245639966,1.0945578547521813,1.1949057639086642,1.0951759732429094,0.8366693727838512,1.117317627225898,1.0276301867807491,0.8742202829553953,0.5727326164100588,1.2608321778528417,0.9367161446498775,0.8563703242792168,1.0782399048510418,1.0288885965644832,1.043959439458826,1.1515691343280687,0.9710365154198556,0.7572225257032728,0.8640962867529265,0.921849124859929,0.8989163412161417,0.788126268606279,0.6521514620365254,0.9627022936282958,1.1272674818890345,0.7756089915862354
R4_ParkRangers_HelsinkiMedium,1.0616216072764721,0.8856281112901196,1.2648920276861064,1.2205826602239738,1.1041029757243708,1.1981517638413948,1.2276343614099903,1.0398457180319833,1.1366664066576928,1.1158443252721453,1.2927451517944224,1.0244804132457976,1.0906839758982971,0.23712642040898624,0.3173573122091068,0.9425097892070053,1.2050880999120495,1.0483336370017848,0.8298959856035805,0.7264809779901136,1.0498592131700195,0.7556796824186439,0.7606582297188176,0.8157984376208606,-4.440892098500626e-16,1.0265257214617314,0.8784969168337855,0.8536777988654949,0.9709759532415521,0.9964463366046599,1.1770288229787642,1.214917520928014,1.0517691980113448,1.276746484190983,0.1469071504088817,1.1595025438130304,1.1835798252020537,1.1545923693166111,1.0307355740175765,1.1042999034620786,1.183156687444269,1.099351593785047,0.9981281959983876,1.2514396484775985,0.9697952895666344,1.0535685722243135,1.0288636635035018,1.0930933492141228,1.1215627201976766,1.1804092978494012,1.0039238305227574,0.909731136878031,0.9671108583395351,0.9923241657555543,1.0992440679688273,1.0022527893897129,0.84914559889978,1.065691630479445,1.178736767555258,0.956610377544997
R5_MountainRescue,1.241897210883528,1.164959300710615,1.1940834823973838,1.3664153860730168,1.1385819951849478,1.3456736429441467,1.3260766437306604,1.0804615465650356,0.7245014453649024,1.3720400987153791,0.7796791239028782,0.9753099650774285,0.9666675728706096,1.1001007670556933,1.1632974638370568,1.298991101861738,1.3934552894862866,1.2839013684049327,0.7079182637586139,0.7963855631707277,1.0920060904519044,0.815433298329464,1.2102513712712764,0.9206866077332064,1.0265257214617314,1.1102230246251565e-16,0.9368417757369082,0.6412998863491517,0.985864070970395,1.00886895399558,1.137235175078569,0.8564355953598508,0.5644395326327711,0.9480110039283105,1.1719907777840277,0.062038830291757274,0.21689012391930418,0.9864481000007111,0.5614823735220287,1.209130666731888,1.0185550216869976,0.5008286264509707,0.8580995556170219,1.2491854278968022,1.1444944081832367,0.7772656601778534,0.7493431738797465,1.197067280044716,0.7910943672628831,1.0335723331440216,0.9528291492335876,0.7418006737286967,1.0630720655717074,1.009527532868362,0.16406442961161327,0.4834314719125187,0.8507559277584216,1.1182047653958924,0.9966378535073294,0.799273997054542
R6_SparseLongRange,1.186355446418666,0.9410105710668886,1.2220246058032707,1.314518588718296,1.175028641750018,1.1993546041285308,1.183037802556623,1.017429245678472,0.9887374679990707,1.0354876016818282,1.2596137040093047,0.9314328118068494,1.1193330583514904,0.9049919884931948,1.0324642725707747,1.1046708488607937,1.200070787967878,1.1108094006983353,0.7932457959335523,0.5767058927960969,1.1474380717057644,0.5630675346324725,0.9930956194527065,0.6801844632307348,0.8784969168337855,0.9368417757369082,0.0,0.660737777772902,0.9531891147236528,0.2672366807499167,1.1044424941488449,1.0432654613425267,0.9578333230089751,1.2035173754720874,1.0066643213232827,1.082231373547367,1.1410954907950699,1.110883921110251,1.1482696306351254,1.105072212749837,1.1203501127318503,1.1042624206954406,0.8371018634270079,1.1584445841470263,1.031576039769621,0.7342845155431368,1.3509982000851597,1.0550630054714236,1.1223753071429563,1.019007858125421,0.7521608383320927,0.97606828400764,0.9822143244810934,0.9768820961828356,0.9985885306890613,0.8727071263333982,0.968112362267046,1.021010427200994,1.0401943846126427,0.8742882378477439
R7_SparseTinyBuffer,1.2952297543410798,1.0675548815342901,1.2096264211435441,1.535760809817253,1.2877916383119146,1.5110843173318034,1.507427780076244,0.9310111968248244,0.8092425349040722,1.025771034902876,1.2798429751613711,0.8541726556297722,1.2339473747216818,1.012522693538498,1.1764936174987346,1.368942718590318,1.459693698142344,1.2704428800291012,0.33862342821258795,0.2719018180178756,1.1414889197502185,0.37043023271044384,1.0177552774592862,0.5126649211144872,0.8536777988654949,0.6412998863491517,0.660737777772902,0.0,0.8814287627795803,0.905505232923803,1.0474235039617554,0.895653386255245,0.5786728400486951,1.2355751063634977,1.023599876377909,0.8000814720865815,0.7700764805741735,1.0742426161199414,0.7844513168822864,1.0984872131997765,0.63764196157608,0.5989849031032433,0.2315882896681224,1.195525611925975,1.0941402653295398,0.48900618749230584,0.8905121928921351,1.5205875821258035,0.7663076587569957,1.525062859187472,0.8105621165557089,0.3137592752317705,0.9167646858289376,0.874458151294722,0.4394403599741451,0.5616007456702704,0.5585119597694892,0.9683547063228177,1.125079210144082,0.21381661701665322
R8_IntermittentPower,1.117414991716907,1.073342979288697,1.1499323198293332,1.2029682336280134,1.132924021554776,1.1756309579556932,1.19179588053842,1.0006071661952847,0.985699257491512,1.0308898012099579,1.0794317420381472,0.9506864012778359,1.0573411318370922,1.0160901550975106,1.05662191359154,1.1202904328895444,1.1833141659879045,1.0966325234072496,0.8366113670853424,0.8762664460872003,0.9929373893398926,0.9510602890476147,0.9770067120628021,0.9315527940187526,0.9709759532415521,0.985864070970395,0.9531891147236528,0.8814287627795803,0.0,0.9719033342257087,1.003311651715312,1.0168372394329224,0.9545223595783828,1.1065427401514514,1.025428807207406,1.0082052282458367,1.010703906053847,1.0722986107469805,1.0036964368229109,1.0635730348477461,0.8958222050505917,0.9458313394997626,0.8545222656835691,1.048349556475854,1.0330472879690273,0.8837391559947007,1.0266343559192288,1.0515945237376296,1.0462326365597667,1.0766794848464465,0.8924994528277155,0.8387453377151338,0.9657985032618086,0.9543848055811359,0.9563226606084401,0.915756615955661,0.8258693216947715,0.9824166933993339,1.0559152383128216,0.8369417683011295
R9_ExtremeRange_200m,1.1474570258419743,1.1018060618759065,1.1961245765192507,1.27862830088188,1.1946093653041725,1.2474030743236562,1.252635217624746,0.9483894143949143,0.9468891183807735,1.0390467202524618,1.0806609047496916,0.982634120136357,0.8308383352201696,1.0767806410682477,1.0593065260115027,1.1801062412020225,1.2073117935842388,1.1054234394157285,0.901495800870472,0.8890657016055019,0.967623274162358,0.9669667098608686,0.9982162287661835,0.9395632451494076,0.9964463366046599,1.00886895399558,0.2672366807499167,0.905505232923803,0.9719033342257087,1.1102230246251565e-16,1.02132937726135,1.0358144245144565,1.0008859021626075,1.1617385789200108,1.0529074241659153,1.0563327618707725,1.0756607389223918,1.1037974222667182,0.9158484486594307,1.0883879337896145,0.897172911803819,0.9550667744105815,0.8379717959891029,1.071964666481942,1.0565328355743848,0.957003085320932,0.9415972738360244,1.0557580993016282,1.128651397465833,1.095281172483435,0.9550735406444413,0.8429856716766471,0.967001099225461,0.9661217853628856,1.0400891257828135,0.9059492434452319,0.8430313462370967,1.012038551959779,1.0933092521955166,0.9053368771053565
D1_ShelterHotspots_Clusters,1.0534775318614447,1.1305266903186633,0.9849253973002233,1.2438775494800414,1.0970618487579897,1.219000844031416,1.2520923110829552,1.0157391467258534,1.117691722968879,1.168101645838541,1.08396039219293,1.0709877653381255,1.045543496638004,1.1737512666058778,1.1422761844508258,1.2864825353754776,1.2287377919538192,1.0297117237489166,0.9833811586730737,1.0758710464127632,0.983116737813299,1.10677426339255,0.401890625016356,1.1385788732475672,1.1770288229787642,1.137235175078569,1.1044424941488449,1.0474235039617554,1.003311651715312,1.02132937726135,5.551115123125783e-16,0.4612727691879308,1.065270639719398,1.1496594498892463,0.9729496158057636,1.0358052314269113,0.9743738161448687,0.6029161570645318,1.0502079502361334,0.1935783783451669,0.6908338745495286,1.021310020795855,0.843834708090184,0.8998227063817108,0.3491429089530743,0.93529791454848,1.0225393060544776,1.1258563271686537,1.2251394998426879,1.1739380109420938,0.9061064621640724,0.9003337723749323,1.0177514700429273,0.9926129582244795,1.089393764003506,1.0562996219198624,0.8465285573717564,1.0840405668678745,1.2126194697045838,0.8713925407047837
D2_PartitionedCity_MuleBridge,1.1896940826434694,1.2176745307691692,1.1476024493003647,1.3027386260471931,1.2190868280649794,1.2729778612333043,1.3017621823533703,0.9393951168594173,0.9098157902528364,1.0348256520586359,1.0764626110847313,1.031063304010518,1.0599063199332828,1.2420238571384319,1.2346515516506806,1.343405160119099,1.2999207427331068,1.1633792393573401,0.6757753779531559,0.9424582015942309,1.0941960279144216,0.9567099082553078,0.8629739433387593,0.9860646568551565,1.214917520928014,0.8564355953598508,1.0432654613425267,0.895653386255245,1.0168372394329224,1.0358144245144565,0.4612727691879308,-4.440892098500626e-16,1.1208586197858486,1.164373465104912,1.146843772681702,0.8749300474969781,1.0657325898877978,0.16399422195898605,0.8679501682361125,0.41483749338829046,0.8004580089842572,0.9752591909798379,0.750128160746392,1.04961539836214,0.7016686534178513,0.55687190862704,1.0420263511267043,1.1033770585562026,1.087819364974371,1.0964149847935134,0.9222012709394598,0.758141597924331,1.0075311236727846,1.0247570974016862,0.8523810766798143,1.0452732981476167,0.9126381950188968,1.1020759021247595,1.1869352431751654,0.7767341867324254
D3_Aftershock_ErraticMobility,1.2437509489326455,1.2821604360402798,1.0426671221358776,1.4422666918052154,1.0968905729678968,1.4136262636484374,1.3898280683081063,1.0542647771642342,0.3692724291469692,0.7887501672033455,1.1513630360663971,0.6130522692568952,1.219979195092886,1.2510062945566622,1.2831732083133927,1.5274894697499517,1.4897604374184263,1.3100312178385178,0.6439275440719506,0.6488369275357734,1.1250857851155875,0.8611815530712033,0.9788460321868971,0.717395942814232,1.0517691980113448,0.5644395326327711,0.9578333230089751,0.5786728400486951,0.9545223595783828,1.0008859021626075,1.065270639719398,1.1208586197858486,-2.220446049250313e-16,0.9257296630614138,1.1412376651399905,0.5457906525415047,0.5570052435904349,1.2689447928138922,0.38655355050714957,1.122624494646826,0.7773341996711576,0.1050985760508667,0.6340748968502086,1.232295030447123,1.1052151112169175,0.8999073895774401,0.7563838640203193,1.1537834904990243,0.8809503607362563,0.9660133033114421,1.007817445608546,0.7388387408839459,0.9802860849259157,0.9354540454796837,0.3585659418911181,0.14210832094928538,0.6289421662983405,1.0550093363463957,0.8988486153505787,0.735848096887691
