,U1_CBD_Commuting_HelsinkiMedium,U2_SparseSuburb_HelsinkiMedium,U3_MicroMobility_HelsinkiMedium,U4_CongestionHotspot_HelsinkiMedium,U5_WorkdayShort_HelsinkiMedium,U6_OfficeWaitHeavyTail_HelsinkiMedium,U7_HighTimeVariance_HelsinkiMedium,C1_Campus_ClassChange,C2_ExamDay_LongStays,C3_Hackathon_24h,C4_Stadium_IngressEgress,C5_Library_Quiet,C6_EmergencyDrill_Evacuation,V1_TaxiLow_HelsinkiMedium,V2_TaxiHigh_HelsinkiMedium,V3_BusOnlyCarriers_HelsinkiMedium,V4_CarOwnership_0_HelsinkiMedium,V5_CarOwnership_100_HelsinkiMedium,R10_TinyRange_5m,R11_SpeedExtremeLow,R12_SpeedExtremeHigh,R1_Rural_RandomWaypoint,R2_VillagesTrails_ThreeClusters,R3_WildlifeTracking,R4_ParkRangers_HelsinkiMedium,R5_MountainRescue,R6_SparseLongRange,R7_SparseTinyBuffer,R8_IntermittentPower,R9_ExtremeRange_200m,D1_ShelterHotspots_Clusters,D2_PartitionedCity_MuleBridge,D3_Aftershock_ErraticMobility,D4_MedicalTriage_TwoClasses,D5_UAVMule_FastRoute_HelsinkiMedium,D6_ShortTtlCritical_5to10min,D7_HighLoad_TrafficStorm,D8_InfrastructureReturns_BackboneLinks,D9_Critical_1minTTL,S1_StrongCommunities_SeparateClusters,S2_WeakCommunities_HighMixing,S3_PeriodicMeetings_RegularRhythm,S4_RandomMixing_NoHotspots,S5_TwoLayer_StudentsStaff,S6_FamilyGroups_SmallPersistent,T10_HighRateLowSpeed_Congestion,T11_TTL_1min,T12_TTL_Infinite_Buffer200M,T13_Buffer_256k,T14_Buffer_200M,T15_TransmitSpeed_256k,T1_ManySmallMsgs_HighRate,T2_FewHugeMsgs_LowRate,T3_MixedBimodal_SmallAndLarge,T4_VeryShortTtl_5to10min,T5_VeryLongTtl_6to24h,T6_UniformSources_RandomFromTo,T7_TargetedToHubs_FewDestinations,T8_BurstTraffic_TimeWindows,T9_BufferStress_SmallBufferHighTraffic
U1_CBD_Commuting_HelsinkiMedium,0.0,5.7143195066468575,4.714758730334421,5.965160498501203,4.417627312472775,7.48320187483041,7.120534815719609,9.979686854905223,7.967691206047448,10.923156992884666,8.42767959630021,8.451427807904714,14.100968219638046,7.363573479529775,6.880487629197889,6.553429737362927,6.593485512424526,4.823427196965538,6.831812503159508,6.916673746001958,6.052574513505427,7.588442002344847,7.217931433297681,8.026099474438885,7.5333371345635,7.358230161868733,9.58820233341069,6.6762268764309605,10.127449794566159,8.864169105806802,7.0060081547772715,8.630151942526734,6.613293975533871,7.568743379341637,6.728009766994864,6.982230345780746,6.806944018456719,8.591215811868278,6.993857124836428,6.96696397816698,6.264098097712844,6.737548066304769,6.540910433790972,6.741193932065705,9.772923879035686,7.440893570092239,7.656401177350123,9.339657907874573,7.444517605009853,9.712638839610056,6.983566363420542,6.697349630275849,10.154230291015761,7.858489136430518,7.109376333398712,6.621081410337859,6.394032483204697,7.245682952166413,7.8627998503960885,6.630158745988526
U2_SparseSuburb_HelsinkiMedium,5.7143195066468575,0.0,7.216962841689473,7.939930567406951,6.338307767092687,7.79060747401803,8.069193597665203,11.053269811597543,9.250046729790505,11.829131910076132,9.757577555804142,9.466065599604962,14.910776958532907,7.494798131887366,7.356506306120713,6.8927967542022595,7.890438811868265,6.497796197162035,7.622349359632302,7.233374207188429,7.268632994402345,7.083364721958566,8.024537263420937,8.340661241244792,7.786338492487061,8.18535486228716,9.322774522703176,7.295254432422541,10.708887688047378,9.566811666580401,8.267421833231468,9.68230775170699,7.818610341753804,8.711827220358007,7.545227554559719,8.203245405141834,8.166126513499824,9.709487133651681,8.243061907214198,8.337300596833758,7.78772026139113,8.131553928725932,7.638046566871749,7.963389863858493,10.449728030284248,8.271778048440458,9.05240418388534,10.088796596411418,8.340465094783308,10.58595971437303,7.862368228233497,7.738265803195603,10.811387435745273,8.703047401354562,8.240802883682315,7.765005967288851,7.46059705008186,8.15462143183749,8.793569636283074,7.620250155618628
U3_MicroMobility_HelsinkiMedium,4.714758730334421,7.216962841689473,0.0,6.259931786017988,4.161016512568321,7.355168195517273,6.586030583343894,10.603849120172994,8.282611721793515,11.382607474328061,8.702591188101708,9.110795406812704,14.307211754268613,8.473703488669306,8.07467589656722,8.018857489928227,6.599576032299885,5.142527474974621,7.957926948888452,8.085824999138621,7.17751563694022,8.700626509830602,8.244420296690704,9.172149314131474,8.915505760754886,7.949728227518997,10.344128310453351,7.2728367987556,10.824091254781077,9.680913653422916,7.4649091576474085,9.113687437804083,6.928057965010515,7.891284344912791,7.462049002433872,7.241640027909635,6.641868855361775,8.972143960965532,7.839186798935642,7.002238302646533,6.6060179951302525,7.084396147857103,7.1212343419144615,7.288288942359102,10.493570876988363,7.884603088436149,8.517293499606728,10.75046702024633,7.8859195753203455,10.540170555937,7.66391571316754,7.59779356923427,10.987665775688093,8.694173869851927,7.265446050989143,7.194916533757558,7.541552482804499,8.149574679167527,8.359715266529264,7.236125993914922
U4_CongestionHotspot_HelsinkiMedium,5.965160498501203,7.939930567406951,6.259931786017988,0.0,6.027736619509475,4.819061330950808,3.721658916111382,11.156789568963235,9.142762359644596,10.0726222671674,7.364513126162142,9.666213745611886,14.89249117333469,8.781805828427231,8.338825958751151,5.365519896155786,3.3583906955177643,6.686502133761442,8.303912412324195,8.377828171023326,7.676108846485711,8.934868260750529,8.62474347724156,9.351350170277533,8.89258969031498,8.589428323522512,10.84963289086665,8.104488546001015,11.176501932175144,10.133542543851958,8.446891839761523,9.835810240567538,7.96538413614087,6.399277755198877,8.218499734788049,8.270703399014632,8.09126726876751,9.192346948173041,8.213057688981772,8.415335669906947,7.823815146644634,8.048580170618736,8.044469708922634,6.601483832363669,10.857910126697885,8.850059809316381,8.661045150298426,7.806573263846969,7.126039851732248,8.138521840249469,8.54352293660952,8.142898468119991,11.092911690030157,8.588037500824882,8.36322728117975,8.023543569575551,7.938090396837789,7.1160385621948565,6.692623836107929,8.101997030275001
U5_WorkdayShort_HelsinkiMedium,4.417627312472775,6.338307767092687,4.161016512568321,6.027736619509475,0.0,7.000627116476729,6.554241001711223,10.148958654608716,7.6478497662051135,10.827563684306496,8.446358254081172,8.375120381620361,14.160549710786592,7.2883380299456855,6.993782458113625,6.672250201727262,6.2792540832641945,5.267003149348815,6.93646181592871,7.041925206036409,6.161513116864513,7.723649071013481,7.324704007460617,8.166258201453905,7.644199117530545,7.022145153747313,9.509761963517974,6.6160793692908175,10.162820623819941,9.007815589366865,7.104398913113412,8.699105091294348,6.245050774617126,7.2430536718972895,6.847442038315077,6.622714768172596,6.422029140759558,8.66048568965452,6.955083551424541,7.071316436863223,6.357561166202119,6.416721656253096,6.637278724516255,6.845325951983885,9.850027743616575,7.26565458081986,7.82196825948112,9.47793947911323,7.217044343425053,9.376989085817087,6.781872174687095,6.81848589040282,10.213378010191791,7.947957357931842,6.692084676710331,6.281017956880358,6.5557030129931,7.343353647337288,7.6184170500579285,6.6549400553407025
U6_OfficeWaitHeavyTail_HelsinkiMedium,7.48320187483041,7.79060747401803,7.355168195517273,4.819061330950808,7.000627116476729,0.0,4.7071706779778975,11.499999790880503,9.636800334738407,10.68446621530387,8.202028986293639,10.06131838864912,15.19630037586949,9.08588316890312,8.881677858586814,6.103207145869568,5.783241945095381,7.50227815456716,8.84183718743103,8.910554405373334,8.25632479774267,9.439982327156653,9.145720531601913,9.809871107008936,9.397494361554148,9.158361936861143,10.891838171395719,8.716089111852051,11.547611851142955,10.564610010636203,8.976990826937733,10.295915211000413,8.560541784998144,7.082486433792461,8.76273719175638,8.851901687451429,8.744344918964376,9.681995632490942,9.153892329002653,8.947735866833623,8.439798081679717,8.723497238444724,8.656166976733866,7.268010665224338,11.272123694041927,9.082225641128614,9.98028175955753,8.169959672055388,7.929344714854995,8.211235207807986,8.623828149431972,8.826414940466371,11.641386755433214,8.752551291681135,8.943619938900007,8.535833580577107,8.551545856200248,7.738391786903068,7.37631489055507,8.68314797254647
U7_HighTimeVariance_HelsinkiMedium,7.120534815719609,8.069193597665203,6.586030583343894,3.721658916111382,6.554241001711223,4.7071706779778975,0.0,11.253684563423596,9.231645051705812,10.28670311772226,7.691763980211573,9.774805479451755,15.022494684368084,8.747235351390787,8.634870646885204,5.925295188516449,4.109285184772448,6.972305916568147,8.590589423799926,8.663692689584297,7.981948705476761,9.216555266639476,8.905175518805201,9.57243106540478,9.163665670354984,8.737305902683772,10.512257976289176,8.325481955099828,11.33420183915059,10.262757694998877,8.728939364130795,10.07383323689915,8.129271531073377,6.655166991901703,8.512826960259774,8.424701158037,8.27142514309121,9.445261271353225,8.88631429571031,8.698846590677077,8.132193030305766,8.29660289268246,8.345611526799145,6.959560473052563,11.07389279500108,8.695882637879,9.741531103742474,7.949105418421867,7.419360065627962,7.7790086862892664,8.229076224533424,8.533692722925187,11.482864179587175,9.023200484879478,8.445319813103358,8.103317710282386,8.322567245456645,7.4498270736040775,6.687973292463497,8.341290615649802
C1_Campus_ClassChange,9.979686854905223,11.053269811597543,10.603849120172994,11.156789568963235,10.148958654608716,11.499999790880503,11.253684563423596,0.0,7.553951873778066,10.886537322490879,9.262024317968956,7.761178159493342,14.152792433681888,10.168121933980965,10.284088944900475,10.297511244613569,11.133102821763478,10.126634174959102,7.572451284040192,7.9435578793038495,8.58545627586532,9.377488917583566,8.932740674642375,7.1280691160370635,9.136439955344349,8.707658212350823,10.330259096318377,7.8001593053959635,10.934029325623685,9.527879257252879,8.645222136640177,9.190252855769424,8.123869465684281,9.225677325866668,9.125287865247644,8.587166323579574,8.743759248391164,9.638765859512054,8.491009117117418,8.981548547313517,7.458880721079889,7.855684067472119,7.462448538609396,8.551934309542169,11.132561801902815,8.21569093187071,9.355991237586476,10.029086252974933,8.366084921429815,10.50497474358803,7.6011533637395035,7.882532260356726,9.56935207073342,8.991952831942575,8.06097681412599,7.529417864365737,7.560694343519773,8.387031148604622,9.173901035914186,7.8981568009053955
C2_ExamDay_LongStays,7.967691206047448,9.250046729790505,8.282611721793515,9.142762359644596,7.6478497662051135,9.636800334738407,9.231645051705812,7.553951873778066,0.0,6.764375107480532,6.57418419889259,2.3739792705991403,13.173443899035485,8.126251715489063,8.371058959778614,8.307603975970169,9.377510513963236,8.281542404840854,3.9310107819156115,4.4904554953896225,6.248950290020989,6.708207764509882,6.310367246177619,4.456008299254234,6.769552551865782,4.748217696437877,8.004754102346707,4.397204768746093,8.85295063333631,7.261763297439586,6.127428806187764,6.728861128701274,3.19174128826366,5.859340012322252,6.867460124546154,4.672469889461532,5.057112063743689,7.333829448418703,4.374808437987367,6.574955515558346,4.445591030490759,3.144868017958252,4.068108828138838,6.041454427878285,9.032362096737916,4.824750520609255,6.733403556510223,8.052579608363882,5.48316491586153,7.858245551222347,5.3082216824874555,4.291672862386967,8.972110635021524,6.275461885213193,3.746050477179384,3.4300669198159937,4.231540610044065,5.483649598083473,5.746915492697857,4.381682097908361
C3_Hackathon_24h,10.923156992884666,11.829131910076132,11.382607474328061,10.0726222671674,10.827563684306496,10.68446621530387,10.28670311772226,10.886537322490879,6.764375107480532,0.0,9.244927870524325,6.616611608862751,16.381013340047055,11.048590161027661,11.165841318615149,10.023381647311702,10.287972202017894,11.150508694294107,8.073261176454908,8.173570658041546,9.712841099562771,9.727442926710854,9.462190826120677,7.4659940774996025,9.862028797111538,10.072118365044178,10.794087745916817,8.496733644960813,11.448913222331223,10.353391464143712,9.61702349433423,10.027961563463105,7.917507879647114,8.357383470973968,10.075898277750566,10.091634058676163,10.285561767714233,9.88415992819788,8.429881655125138,9.878169858708295,8.623302809936893,8.025669207783286,8.237825690812958,8.978938623994566,11.33708866561521,8.904248230060983,9.849172376785088,8.894998237800424,8.700491624635893,9.113144047061615,9.336279674365223,8.373048450308364,11.517413774846881,9.243905120370531,9.036092361188407,8.254760532193668,8.35757780643017,8.458098839346635,7.034434323601302,8.493209735221704
C4_Stadium_IngressEgress,8.42767959630021,9.757577555804142,8.702591188101708,7.364513126162142,8.446358254081172,8.202028986293639,7.691763980211573,9.262024317968956,6.57418419889259,9.244927870524325,0.0,7.016067698358759,12.73572471367414,8.975601096043464,8.887014478191173,7.72208570775612,7.551897693754021,8.63659910443814,6.289561793522497,6.834745802562432,7.010055441949173,8.254254335597802,7.6748910632659,7.81720727308191,8.176165501578097,5.799521719480809,9.756770793168602,6.496408486621213,9.867141074460372,8.4943127410688,6.9728920003924495,8.095626280070771,6.265665782154928,5.798379995022937,7.66269481582207,5.336665022971421,5.2806105907821195,7.848426750454203,6.648284132101037,7.480959798565789,5.720321144621038,6.0674920050781225,6.000548890611855,5.974389910876922,10.321538035674136,6.769493772708445,7.735177399361424,6.741098917198219,6.50949350047805,7.179574445860911,6.827376053844002,6.065012089131578,9.913384652934988,7.11683438774472,5.834655399609925,6.184724189117633,5.964181910826818,6.057789071113073,4.19092830534725,6.095986394272449
C5_Library_Quiet,8.451427807904714,9.466065599604962,9.110795406812704,9.666213745611886,8.375120381620361,10.06131838864912,9.774805479451755,7.761178159493342,2.3739792705991403,6.616611608862751,7.016067698358759,0.0,13.194400110814476,8.318574710985363,8.645412387793106,8.54093528278902,9.786495255951884,8.61042184668225,4.4921970881422,4.74734140089335,6.704107461580015,6.98233260842251,6.343074783680043,4.206855899705017,6.959842088723983,6.08819447953245,8.184762942333784,5.157965610919209,9.077604137290077,7.829033056099649,6.581963405003531,7.6252849194177355,4.556389998712952,6.888900421294046,7.172406660429024,6.0351004834675015,6.253090807678731,8.173479895830505,5.831302445327275,7.086976461754154,5.086056445124983,4.736051916264403,4.674133494695941,6.496560249851538,9.150668912655355,5.489936822728733,7.89485998230947,8.22237472347591,6.5443254138399904,8.500955118159942,5.687022235478093,4.960002233756265,9.232784336788667,6.6132815650179175,5.282482460139222,4.764817841452359,4.750057165929788,5.8678398591147936,6.510936159780473,4.989918542155674
C6_EmergencyDrill_Evacuation,14.100968219638046,14.910776958532907,14.307211754268613,14.89249117333469,14.160549710786592,15.19630037586949,15.022494684368084,14.152792433681888,13.173443899035485,16.381013340047055,12.73572471367414,13.194400110814476,0.0,14.316970753812305,14.167414932902942,14.453245827695675,14.89239328158624,14.13785013154573,13.759105622658906,14.056242313656838,13.289378702456757,14.760189268661982,14.103236723123256,14.62003103272214,14.319865854967428,13.454314088257842,15.474417004494368,13.854122344766376,15.631288731865771,13.463713032125664,13.844193893948223,14.548319281590368,13.850502628036189,14.192238645314891,13.8815095901068,13.185644339908977,13.121781896274237,14.49543835338998,14.073268693404962,13.925746174805305,13.27341669611173,13.724489838977338,13.605877226507786,13.694416832719249,15.74419076946633,13.82281601548356,14.29615204714019,15.160413962846787,14.165274152337526,15.329011904766805,13.55357765704571,13.589154832334557,15.752564914304715,14.283322646921535,13.566074562568456,13.693992961374935,13.529993387315267,13.957951704209066,14.338356880797567,13.585025173190138
V1_TaxiLow_HelsinkiMedium,7.363573479529775,7.494798131887366,8.473703488669306,8.781805828427231,7.2883380299456855,9.08588316890312,8.747235351390787,10.168121933980965,8.126251715489063,11.048590161027661,8.975601096043464,8.318574710985363,14.316970753812305,0.0,2.116596170327929,6.710786923787567,8.712652915665139,7.392977955765525,6.551601453973926,6.574907426701521,5.380179708190103,7.222310042005342,7.088516906395061,7.648929663170976,3.7452056322606198,7.178973238527434,8.561497728643369,6.308640471616477,9.843807975728527,8.778398495380229,7.608251144095202,9.02975786767988,6.87980553692573,7.788945082547215,4.055842244977436,7.228578692918608,7.2049081143174165,9.05685750053845,7.932659737323297,8.0340982697269,6.669852500309542,7.053081313847419,6.619367419813041,7.1265472142805235,10.150865608105093,6.629913133360365,8.68084370881973,9.554382896073907,7.247642833416455,9.724896118462931,5.826565964281144,6.463502282658792,10.107729187897002,7.7686968894448665,6.969232016920593,6.521523436299364,6.39814065574323,7.149540509081515,7.77604313015974,6.301569840516333
V2_TaxiHigh_HelsinkiMedium,6.880487629197889,7.356506306120713,8.07467589656722,8.338825958751151,6.993782458113625,8.881677858586814,8.634870646885204,10.284088944900475,8.371058959778614,11.165841318615149,8.887014478191173,8.645412387793106,14.167414932902942,2.116596170327929,0.0,6.686109250082799,8.48382881232216,7.051380677822987,6.864371506589728,6.916168664815185,4.934705372058157,7.516603046991029,7.342832462334555,8.013281854175375,4.354337402253998,7.447763770507753,9.195517095462488,6.762274849408229,10.087023363013797,8.77295734488052,7.58940344925891,9.076658067127699,7.036660505617211,7.8699278272101365,4.122828435987413,7.332685350834594,7.2904766024345955,9.072115233486619,7.549591314588579,7.950904907367821,6.727732562181168,7.178133672493397,6.862363514466993,7.058704179748533,10.327701083644605,7.37958597063042,7.901534569737272,9.416298303862071,7.489655408399837,9.834816065196067,6.594262238638317,6.715236887766107,10.171508062494782,7.937724771708888,7.377806707496253,6.829774596764006,6.4992838478457315,7.331642106352141,8.034826285552276,6.714071074968906
V3_BusOnlyCarriers_HelsinkiMedium,6.553429737362927,6.8927967542022595,8.018857489928227,5.365519896155786,6.672250201727262,6.103207145869568,5.925295188516449,10.297511244613569,8.307603975970169,10.023381647311702,7.72208570775612,8.54093528278902,14.453245827695675,6.710786923787567,6.686109250082799,0.0,5.699527397877076,6.741006514436244,6.758734844990797,6.7768057629359175,6.090556668638571,7.424742501016399,7.167741336223051,7.817862792915487,7.0215378180883805,7.420435607893812,9.186890386046015,6.724614346101358,10.07064992793501,8.908491642163332,7.620081444406506,9.081747244682633,7.094820325415542,5.175207237713109,7.094305918711095,7.4534975772734695,7.497514008325533,8.493079078348849,7.544687271250162,8.006709127951043,6.942573173824008,7.188501376254634,6.895356464292701,5.404737632965183,9.820745501259989,7.414489800292913,8.133386738558364,7.323543629419159,5.720201620925103,7.880435481240646,6.813662445706329,6.702429818118731,10.247974191444824,7.2314841977638435,7.362734073612231,6.830318211104259,6.506229004045128,5.4672276320511735,6.531718894676794,6.747805970568719
V4_CarOwnership_0_HelsinkiMedium,6.593485512424526,7.890438811868265,6.599576032299885,3.3583906955177643,6.2792540832641945,5.783241945095381,4.109285184772448,11.133102821763478,9.377510513963236,10.287972202017894,7.551897693754021,9.786495255951884,14.89239328158624,8.712652915665139,8.48382881232216,5.699527397877076,0.0,6.859261616202046,8.468437752122776,8.528376593657423,7.826769910054952,9.090661131349414,8.747483709842061,9.444879315870311,9.024595159701066,8.868140913944583,10.535214495466075,8.16134134692606,11.24468151723806,10.021466799923152,8.594188057185782,10.009376470860815,8.27675225637137,6.834340167822981,8.363482022251187,8.571577148585279,8.331746752073759,9.37647719719591,8.831121457289791,8.573556503358605,7.920530452516217,8.371122968868855,8.122142203954068,6.7864549459169226,10.965970051257331,8.737437120594851,9.336907041866947,8.2186232621033,7.351169807822411,8.527521328019919,8.37536838966352,8.263192151514893,11.37956102186472,8.870890380782356,8.538220143859899,8.25689609448109,8.161374552265112,7.289388077440165,6.865298593438381,8.128554316527023
V5_CarOwnership_100_HelsinkiMedium,4.823427196965538,6.497796197162035,5.142527474974621,6.686502133761442,5.267003149348815,7.50227815456716,6.972305916568147,10.126634174959102,8.281542404840854,11.150508694294107,8.63659910443814,8.61042184668225,14.13785013154573,7.392977955765525,7.051380677822987,6.741006514436244,6.859261616202046,0.0,7.002345951871024,7.096981030557116,6.22789484261941,7.768661117854938,7.38196978506992,8.194047294791165,7.701768369619459,7.72092684698451,9.47518965410417,6.885363603491872,10.214386219869038,8.900611728170546,7.157448384703698,8.746151459209607,7.015462200106144,7.918735984006812,6.901017624193707,7.358010209013406,7.184190528432952,8.706048590829424,7.590498972853966,7.116168241588866,6.4227852475731595,7.156683321515915,6.700491277134028,6.899927411885672,9.891033935763867,7.388782862965648,8.361086938828963,9.491796704910268,7.791274820595753,9.902130021611729,6.902887883576262,6.885784724679944,10.278765910352883,8.001172860948943,7.440650162667619,6.9558932878581,6.610933794715019,7.400984760698985,8.100947821353163,6.746658891518126
R10_TinyRange_5m,6.831812503159508,7.622349359632302,7.957926948888452,8.303912412324195,6.93646181592871,8.84183718743103,8.590589423799926,7.572451284040192,3.9310107819156115,8.073261176454908,6.289561793522497,4.4921970881422,13.759105622658906,6.551601453973926,6.864371506589728,6.758734844990797,8.468437752122776,7.002345951871024,0.0,1.70655066165821,4.711438388349188,4.251021837127454,5.024322250901508,3.492346638116528,5.018546315778529,3.8172849836119696,6.829883759186928,2.0209663041058397,7.86727273905631,6.423292485698677,4.688901535246368,5.426073924619957,2.8293376417536638,5.338773118911318,5.253895452591739,3.986115188572291,4.503370029920501,6.195755758826462,3.6325411930078757,5.3802178401364635,2.5863783777048157,2.789419465109896,1.5642889772382242,4.466340295117015,8.348377829144274,2.8665389478389707,6.147731624637903,6.959428378649769,4.558536256175455,7.582663826798819,3.575912968767075,1.6570754503106928,8.027961907968548,4.821395483709398,3.175160764996032,2.4593285470705903,1.3680002011317958,3.737520416677669,4.995152496371352,1.844666499037566
R11_SpeedExtremeLow,6.916673746001958,7.233374207188429,8.085824999138621,8.377828171023326,7.041925206036409,8.910554405373334,8.663692689584297,7.9435578793038495,4.4904554953896225,8.173570658041546,6.834745802562432,4.74734140089335,14.056242313656838,6.574907426701521,6.916168664815185,6.7768057629359175,8.528376593657423,7.096981030557116,1.70655066165821,0.0,5.353119375583389,2.843642998982876,5.077824830022813,2.759486354833343,4.914201050195538,4.250563766784015,6.263904033543055,2.024056783296499,8.0671786508195,6.548875720261217,5.176858136864833,6.2477924926728505,3.135248264580734,5.76289041575927,5.280622613207395,4.581373481039964,4.957160847728858,6.935090496612062,4.0335390531593145,5.721166649094364,3.598920334286152,3.5818186566002472,2.3987955975758215,4.931897093466476,8.469016780370326,3.851036147516609,6.59387346256858,7.2051120246141025,4.927796160599624,7.9347736104252,4.358024530722798,2.842684480332182,8.167419745212962,5.155921690587088,3.890693191114126,3.1391967172771946,2.3857716153030997,4.1564860834638155,5.318826533503938,2.780945803371649
R12_SpeedExtremeHigh,6.052574513505427,7.268632994402345,7.17751563694022,7.676108846485711,6.161513116864513,8.25632479774267,7.981948705476761,8.58545627586532,6.248950290020989,9.712841099562771,7.010055441949173,6.704107461580015,13.289378702456757,5.380179708190103,4.934705372058157,6.090556668638571,7.826769910054952,6.22789484261941,4.711438388349188,5.353119375583389,0.0,6.855936344783779,6.296476723989278,6.5999648156656345,6.3773735631483,5.672809341250758,8.43176449617866,4.949455548182014,8.79014455762281,7.229897006478822,5.608183735417403,7.219548244500983,4.963242094352109,6.087123719433465,6.096378908506725,5.319224123224672,5.311923744300303,7.793721606197373,5.689610973023005,6.742236875004115,4.089171995925857,4.8874207598828745,4.589164202919774,4.9914547783579755,9.496092412592425,5.180909167769069,6.170491050304069,7.968219003382756,5.723438868481499,8.371190507319218,4.17005708322946,4.296920516369468,8.99653625254481,6.16778591937019,5.274246139512788,4.600349903624234,4.101428536398102,5.368496521447658,6.29882781990208,4.395478742698188
R1_Rural_RandomWaypoint,7.588442002344847,7.083364721958566,8.700626509830602,8.934868260750529,7.723649071013481,9.439982327156653,9.216555266639476,9.377488917583566,6.708207764509882,9.727442926710854,8.254254335597802,6.98233260842251,14.760189268661982,7.222310042005342,7.516603046991029,7.424742501016399,9.090661131349414,7.768661117854938,4.251021837127454,2.843642998982876,6.855936344783779,0.0,6.651992517890153,4.5180547085119445,5.927724104594983,5.524792837370671,6.4681736741815214,3.7615479142124437,9.039368265895463,7.7196881927065615,6.625239308737569,7.297764466259479,5.13192305874058,7.0746123356654955,6.216969586358657,6.026359449928922,6.378606305153177,7.898845103811659,5.523057275030722,6.846823835107039,5.745495849388937,5.728746301815652,4.700503523078315,6.355253041691947,9.483979291079809,5.606990641574378,7.843365820404636,8.313359019256602,6.219988851097247,9.033563034561544,6.167477013506051,5.1343086741243225,9.138677025383185,6.57984398896495,5.692833078259409,5.250761647438916,4.808200081901352,5.831873383009933,6.703519477454452,4.930662922064703
R2_VillagesTrails_ThreeClusters,7.217931433297681,8.024537263420937,8.244420296690704,8.62474347724156,7.324704007460617,9.145720531601913,8.905175518805201,8.932740674642375,6.310367246177619,9.462190826120677,7.6748910632659,6.343074783680043,14.103236723123256,7.088516906395061,7.342832462334555,7.167741336223051,8.747483709842061,7.38196978506992,5.024322250901508,5.077824830022813,6.296476723989278,6.651992517890153,0.0,6.004241624097707,5.770017350586474,6.445561572586315,8.22421438665944,5.201403711909747,9.001086278094345,7.661347219991082,3.8667489593181843,6.7690434691815895,5.151916747563403,6.79991946683696,5.756894976981888,6.345891408052082,6.227749394004305,6.9346819885771,6.144556999131173,4.118734654883856,5.13560897759553,5.304619934485691,4.963108680436999,6.050416128120185,6.434893596389566,6.170217534426759,7.565937274085033,8.230622350642207,6.576910783220488,8.875069444948123,5.776414326356911,5.0626249708231645,9.05830478287871,6.503292348079093,5.8885499837813695,5.074990292430434,4.633086653695996,5.7436924888016865,6.630360045308007,5.06732779564777
R3_WildlifeTracking,8.026099474438885,8.340661241244792,9.172149314131474,9.351350170277533,8.166258201453905,9.809871107008936,9.57243106540478,7.1280691160370635,4.456008299254234,7.4659940774996025,7.81720727308191,4.206855899705017,14.62003103272214,7.648929663170976,8.013281854175375,7.817862792915487,9.444879315870311,8.194047294791165,3.492346638116528,2.759486354833343,6.5999648156656345,4.5180547085119445,6.004241624097707,0.0,5.945991284770107,5.597854668527807,6.923991624705219,3.905652037501691,8.798298690925469,7.417916115156582,6.446340195157546,7.1921189881447365,4.478713199449805,6.91689223611458,6.541099603719984,5.950728204307579,6.3287249224180675,7.813467361112217,5.31610431806874,6.829378452159734,5.118485400775693,4.884395254188966,4.041358170621101,6.2836530786704206,8.870352806423599,5.26460253794667,7.527412618421821,7.948328871516778,5.9819700415164005,8.687416639484432,5.545087451342039,4.543603837861949,8.625142387941418,6.26722680774328,5.160772142002082,4.556700176550204,4.209220495719777,5.451019618021234,6.440263024375091,4.563276062481598
R4_ParkRangers_HelsinkiMedium,7.5333371345635,7.786338492487061,8.915505760754886,8.89258969031498,7.644199117530545,9.397494361554148,9.163665670354984,9.136439955344349,6.769552551865782,9.862028797111538,8.176165501578097,6.959842088723983,14.319865854967428,3.7452056322606198,4.354337402253998,7.0215378180883805,9.024595159701066,7.701768369619459,5.018546315778529,4.914201050195538,6.3773735631483,5.927724104594983,5.770017350586474,5.945991284770107,0.0,6.211748655144646,7.945149104747025,5.124987276505032,9.144943782436979,7.859922000163383,6.866031849783706,8.243025664953405,5.6159520453847565,7.1445049935829585,2.552917739975457,6.444330819121473,6.620745940827027,8.28132142346213,6.197158860443461,7.078348798438782,5.787418435048123,5.743207888217707,5.334001050839205,6.594953037314674,9.19051552691827,6.137452290492007,7.608904203754023,8.423870793154812,6.511337433926008,9.04461715748793,5.948902113319639,5.24139527140599,9.228681771957469,6.772701806024671,6.00182211417896,5.363033645919019,4.974280588189464,6.045450653148527,6.8966987480293565,5.314979817992367
R5_MountainRescue,7.358230161868733,8.18535486228716,7.949728227518997,8.589428323522512,7.022145153747313,9.158361936861143,8.737305902683772,8.707658212350823,4.748217696437877,10.072118365044178,5.799521719480809,6.08819447953245,13.454314088257842,7.178973238527434,7.447763770507753,7.420435607893812,8.868140913944583,7.72092684698451,3.8172849836119696,4.250563766784015,5.672809341250758,5.524792837370671,6.445561572586315,5.597854668527807,6.211748655144646,0.0,7.659556554793433,3.7038765930867354,8.700668565065236,7.286778973617554,5.920020252109984,6.370509749318574,3.520977855643018,5.403826914348624,6.336523546961758,1.3046724458081036,2.461463324126961,7.046828336887528,3.9642983547467465,6.590139201331916,4.500964668382859,3.348264792541786,4.097415284633867,5.680300065826361,9.281033425507768,4.542760209669871,6.014763668518836,8.087210753752192,4.757528961814118,7.893523728614836,4.97300019789105,3.9378524219980893,9.067413504604163,6.10386141972559,2.0654511996845737,3.2401306236126923,4.017141539019227,5.298732164368422,5.569411952721751,4.039231842173221
R6_SparseLongRange,9.58820233341069,9.322774522703176,10.344128310453351,10.84963289086665,9.509761963517974,10.891838171395719,10.512257976289176,10.330259096318377,8.004754102346707,10.794087745916817,9.756770793168602,8.184762942333784,15.474417004494368,8.561497728643369,9.195517095462488,9.186890386046015,10.535214495466075,9.47518965410417,6.829883759186928,6.263904033543055,8.43176449617866,6.4681736741815214,8.22421438665944,6.923991624705219,7.945149104747025,7.659556554793433,0.0,6.506197323864046,10.2505566485692,4.841051806523903,8.388789514796729,9.15484532052057,7.283708585497877,8.713329642940282,8.270196222352244,8.026011666833604,8.295168721838577,9.650361902894332,8.322144401140097,8.746966145889983,7.58715072647868,7.654129357195131,6.912083908164068,8.18478988321999,10.705343108662605,6.87394746789687,10.413318016939595,9.715455139471093,8.287881307766368,9.799079396621677,6.915554995918996,7.29104910926755,10.492226927806712,8.3087141742424,7.571050063440961,7.001100082626863,7.155347461463095,7.728976012567004,8.188809360452122,7.029321592255263
R7_SparseTinyBuffer,6.6762268764309605,7.295254432422541,7.2728367987556,8.104488546001015,6.6160793692908175,8.716089111852051,8.325481955099828,7.8001593053959635,4.397204768746093,8.496733644960813,6.496408486621213,5.157965610919209,13.854122344766376,6.308640471616477,6.762274849408229,6.724614346101358,8.16134134692606,6.885363603491872,2.0209663041058397,2.024056783296499,4.949455548182014,3.7615479142124437,5.201403711909747,3.905652037501691,5.124987276505032,3.7038765930867354,6.506197323864046,0.0,8.002341107224003,6.476657830533411,4.9026740979858285,5.997382971484101,2.7592559387622275,5.2802464499780095,5.205869039254763,3.922136653761294,3.9802077709846837,6.689760150843315,4.020596142912285,5.53365916502477,2.7845558904670735,2.829861765883675,1.6445793403314732,4.632462840764835,8.573120865392285,3.1107935871644776,6.00351148772225,8.06469134204606,4.043392529087313,8.419755726126862,3.8587857427702734,1.9858521311034947,8.201832588640276,5.110446834346393,2.6827036855641833,2.560509613235682,2.462534490465609,4.102206141156284,5.094482825864373,1.6171964267963086
R8_IntermittentPower,10.127449794566159,10.708887688047378,10.824091254781077,11.176501932175144,10.162820623819941,11.547611851142955,11.33420183915059,10.934029325623685,8.85295063333631,11.448913222331223,9.867141074460372,9.077604137290077,15.631288731865771,9.843807975728527,10.087023363013797,10.07064992793501,11.24468151723806,10.214386219869038,7.86727273905631,8.0671786508195,8.79014455762281,9.039368265895463,9.001086278094345,8.798298690925469,9.144943782436979,8.700668565065236,10.2505566485692,8.002341107224003,0.0,9.907566585359717,8.903675096290133,9.82351494535533,8.202896917903413,9.267968215611152,9.185537042419107,8.685069459089563,8.762690712921035,10.264803730791481,8.742841341990074,9.433815196435257,8.012659880116422,8.191721294171087,7.8906156631692985,8.757686345210734,11.396119958170077,8.264599487311143,9.880625513614676,10.45580119278294,8.92297259933953,10.8199933711587,8.26737391000705,7.888950244502557,11.0595903323845,9.039319861850792,8.35659869220939,8.036556793003845,7.809479149339104,8.51126962505393,9.11004757749376,7.872866900321509
R9_ExtremeRange_200m,8.864169105806802,9.566811666580401,9.680913653422916,10.133542543851958,9.007815589366865,10.564610010636203,10.262757694998877,9.527879257252879,7.261763297439586,10.353391464143712,8.4943127410688,7.829033056099649,13.463713032125664,8.778398495380229,8.77295734488052,8.908491642163332,10.021466799923152,8.900611728170546,6.423292485698677,6.548875720261217,7.229897006478822,7.7196881927065615,7.661347219991082,7.417916115156582,7.859922000163383,7.286778973617554,4.841051806523903,6.476657830533411,9.907566585359717,0.0,7.502279436926841,8.582681439947413,6.732496633790239,7.959984258085093,7.852469227632993,7.32069141193775,7.468861584824638,9.076754236289228,6.962454485662371,8.097734072671718,6.421102541968437,6.635687283658742,6.248661988614918,7.2994158201055575,10.365481714085057,7.002028373909251,8.197745090284938,9.201729888478503,7.684794714586974,9.644655253272123,6.957541510992392,6.313791094541221,9.975109832646558,7.699463963044037,7.0462862233633174,6.411031973904284,6.2285935014256495,7.0709366815546675,7.763190724963948,6.441706544406457
D1_ShelterHotspots_Clusters,7.0060081547772715,8.267421833231468,7.4649091576474085,8.446891839761523,7.104398913113412,8.976990826937733,8.728939364130795,8.645222136640177,6.127428806187764,9.61702349433423,6.9728920003924495,6.581963405003531,13.844193893948223,7.608251144095202,7.58940344925891,7.620081444406506,8.594188057185782,7.157448384703698,4.688901535246368,5.176858136864833,5.608183735417403,6.625239308737569,3.8667489593181843,6.446340195157546,6.866031849783706,5.920020252109984,8.388789514796729,4.9026740979858285,8.903675096290133,7.502279436926841,0.0,4.914400256805345,4.983153642835383,6.188981910639864,5.988742931639815,5.504182807640578,5.44689980091886,5.770745926875619,5.659793730608702,2.7850890059886066,4.047103088177082,4.910448795471793,4.340875322641461,5.057133959663175,6.140349044530363,5.214802655260887,7.110472319042925,8.06137582049341,6.17427176287719,8.53147718243572,5.082931546865828,4.564388635274455,9.060671067101026,6.256781082955115,5.340082479947488,4.793364093948009,4.287956428502064,5.470264582360644,6.38712637181815,4.465767242876131
D2_PartitionedCity_MuleBridge,8.630151942526734,9.68230775170699,9.113687437804083,9.835810240567538,8.699105091294348,10.295915211000413,10.07383323689915,9.190252855769424,6.728861128701274,10.027961563463105,8.095626280070771,7.6252849194177355,14.548319281590368,9.02975786767988,9.076658067127699,9.081747244682633,10.009376470860815,8.746151459209607,5.426073924619957,6.2477924926728505,7.219548244500983,7.297764466259479,6.7690434691815895,7.1921189881447365,8.243025664953405,6.370509749318574,9.15484532052057,5.997382971484101,9.82351494535533,8.582681439947413,4.914400256805345,0.0,6.554131660138286,7.542891358607223,7.766042312550314,6.333540158093284,7.010828171565042,3.3680464057066786,6.389147732740642,4.819741924450129,5.735162852643542,6.231180368270758,5.588053114358622,6.799383796868067,8.29560298047832,5.2126971500275845,8.25680091171353,9.04940281271402,7.131929353626392,9.302108882282878,6.429613207330568,5.649050669920191,9.876438920032216,7.530263633881314,6.079475895385946,6.247269044291563,5.902470035552551,6.887119776022146,7.6391238582300165,5.679340944943611
D3_Aftershock_ErraticMobility,6.613293975533871,7.818610341753804,6.928057965010515,7.96538413614087,6.245050774617126,8.560541784998144,8.129271531073377,8.123869465684281,3.19174128826366,7.917507879647114,6.265665782154928,4.556389998712952,13.850502628036189,6.87980553692573,7.036660505617211,7.094820325415542,8.27675225637137,7.015462200106144,2.8293376417536638,3.135248264580734,4.963242094352109,5.13192305874058,5.151916747563403,4.478713199449805,5.6159520453847565,3.520977855643018,7.283708585497877,2.7592559387622275,8.202896917903413,6.732496633790239,4.983153642835383,6.554131660138286,0.0,4.6728506585094145,5.500395614254956,3.3119571968491326,3.462057492494725,7.1621427079043904,2.954683420264661,5.627258011623003,3.1233626208984404,1.2026113541765986,2.7437484730310744,4.754179889438249,8.628862181763274,4.161215775238723,5.686420502385714,7.321979060145595,4.343988713897886,7.210839292412471,4.3248607525851055,3.094077307406145,8.378914557606782,5.2846625766838065,2.4534328362110975,1.3382257118522485,2.6597172233449298,4.32357163322043,4.644278113624864,3.042583328599704
D4_MedicalTriage_TwoClasses,7.568743379341637,8.711827220358007,7.891284344912791,6.399277755198877,7.2430536718972895,7.082486433792461,6.655166991901703,9.225677325866668,5.859340012322252,8.357383470973968,5.798379995022937,6.888900421294046,14.192238645314891,7.788945082547215,7.8699278272101365,5.175207237713109,6.834340167822981,7.918735984006812,5.338773118911318,5.76289041575927,6.087123719433465,7.0746123356654955,6.79991946683696,6.91689223611458,7.1445049935829585,5.403826914348624,8.713329642940282,5.2802464499780095,9.267968215611152,7.959984258085093,6.188981910639864,7.542891358607223,4.6728506585094145,0.0,6.807409972304039,5.173982991060766,5.2492478899143125,7.387676811436485,5.290265627594743,6.964778924233501,5.173915601005099,4.558468417496163,5.271811721724577,3.5779595555149837,9.35843781641737,5.903837138975063,6.675956934220396,6.079783752709872,3.2519355679964774,5.773150989643423,5.709951539263739,5.231518247757402,9.57387072148139,5.9136791866331135,4.927273627494626,4.505531734893013,5.060685060539182,3.643794679120867,4.233911491739107,5.2577392573459
D5_UAVMule_FastRoute_HelsinkiMedium,6.728009766994864,7.545227554559719,7.462049002433872,8.218499734788049,6.847442038315077,8.76273719175638,8.512826960259774,9.125287865247644,6.867460124546154,10.075898277750566,7.66269481582207,7.172406660429024,13.8815095901068,4.055842244977436,4.122828435987413,7.094305918711095,8.363482022251187,6.901017624193707,5.253895452591739,5.280622613207395,6.096378908506725,6.216969586358657,5.756894976981888,6.541099603719984,2.552917739975457,6.336523546961758,8.270196222352244,5.205869039254763,9.185537042419107,7.852469227632993,5.988742931639815,7.766042312550314,5.500395614254956,6.807409972304039,0.0,6.127119802813917,6.040311801723302,7.758691575813151,6.163316891477288,5.93943545669746,5.065401076083484,5.6336717142698305,5.070098291618651,5.849158868861496,8.747686637089725,6.011076234363945,7.506672903395545,8.404340369528292,6.543769640998226,8.947871980174039,5.73057601171095,5.283472408250547,9.302895156344631,6.69355741323221,5.980090955965615,5.370898821985601,4.930542106375498,5.962325457388955,6.816313862896631,5.1638706987937475
