,C1_Campus_ClassChange,C2_ExamDay_LongStays,C3_Hackathon_24h,C4_Stadium_IngressEgress,C5_Festival_MultiHotspots_HelsinkiMedium,C6_Conference_Networking_HelsinkiMedium,C7_Library_Quiet,C8_EmergencyDrill_Evacuation,D1_ShelterHotspots_Clusters,D2_PartitionedCity_MuleBridge,D3_Aftershock_ErraticMobility,D4_MedicalTriage_TwoClasses,D5_UAVMule_FastRoute_HelsinkiMedium,D6_ShortTtlCritical_5to10min,D7_HighLoad_TrafficStorm,D8_InfrastructureReturns_BackboneLinks,R1_Rural_RandomWaypoint,R2_VillagesTrails_ThreeClusters,R3_WildlifeTracking,R4_ParkRangers_HelsinkiMedium,R5_MountainRescue,R6_SparseLongRange,R7_SparseTinyBuffer,R8_IntermittentPower,S01A_Urban_WorkingDay_HelsinkiMedium,S01A_Urban_WorkingDay,S1_StrongCommunities_SeparateClusters,S2_WeakCommunities_HighMixing,S3_PeriodicMeetings_RegularRhythm,S4_RandomMixing_NoHotspots,S5_TwoLayer_StudentsStaff,S6_FamilyGroups_SmallPersistent,T10_HighRateLowSpeed_Congestion,T1_ManySmallMsgs_HighRate,T2_FewHugeMsgs_LowRate,T3_MixedBimodal_SmallAndLarge,T4_VeryShortTtl_5to10min,T5_VeryLongTtl_6to24h,T6_UniformSources_RandomFromTo,T7_TargetedToHubs_FewDestinations,T8_BurstTraffic_TimeWindows,T9_BufferStress_SmallBufferHighTraffic,U10_WorkdayLong_HelsinkiMedium,U11_OfficeWaitHeavyTail_HelsinkiMedium,U12_HighTimeVariance_HelsinkiMedium,U1_CBD_Commuting_HelsinkiMedium,U2_RetailHeavy_HelsinkiMedium,U3_NightlifeClusters_HelsinkiMedium,U4_RainyDay_SlowMobility_HelsinkiMedium,U5_SparseSuburb_HelsinkiMedium,U6_DenseDowntown_HelsinkiMedium,U7_MicroMobility_HelsinkiMedium,U8_CongestionHotspot_HelsinkiMedium,U9_WorkdayShort_HelsinkiMedium,V1_TaxiLow_HelsinkiMedium,V2_TaxiHigh_HelsinkiMedium,V3_BusOnlyCarriers_HelsinkiMedium,V4_MixedBusPed_HelsinkiMedium,V5_RushHourBusDensity_HelsinkiMedium,V6_CarOwnership_0_HelsinkiMedium,V7_CarOwnership_100_HelsinkiMedium,V8_RoadClosure_HelsinkiMedium,default_scenario
C1_Campus_ClassChange,0.0,1.3680870273677275,2.773931411320057,1.104670402740944,3.40176209418197,3.465144737473267,1.6062021772176853,1.9714873638112858,2.510517676734948,1.957901779679611,4.380805904361503,6.121322987908001,3.6691493568109363,3.79313512114611,3.7744948184536704,1.8664420786586622,3.947176985178279,3.2181751512455383,3.9511165142407987,2.3672183708947547,3.944480303636187,3.999011435191979,3.7203604629173754,4.392260576070685,3.4353397246819717,3.4353397246819717,2.97996833125421,2.1256556882294513,4.049584048854568,4.180282639766635,4.030433016484834,3.4089784928716034,4.18143473507504,4.010273878570756,3.9406070887312135,4.081598080680873,3.944296539520628,5.986785648935098,4.073212461396865,3.7062344739483306,4.058902171062327,4.00773690476044,3.4353397246819717,3.376753964701327,3.3160712453151096,3.2381909348792313,3.353682755919372,3.2115553192547472,3.4952315605864483,3.4843068453372052,3.730592505861869,3.709698260262145,3.3340430516482114,3.3715059393945106,1.6409174559573372,9.298308917098955,3.1558776685114855,3.3298151974653796,3.43405861348266,3.15752639465686,3.512409040770107,3.3858417311818165,3.4353397246819717
C2_ExamDay_LongStays,1.3680870273677275,0.0,1.481187257425937,1.7359405890899682,2.570272838267497,2.718843890529162,0.27152699993987506,2.3758822217378293,2.6962325610886246,1.7223933783924728,3.374123626085567,4.838821129269855,3.605687771569471,3.703965262307005,3.162944023703562,2.002163395967653,3.2234424721464667,2.4293365469043593,3.2274816653301466,1.8778189707659847,3.220684905321267,3.1915179677954257,3.3953614584917666,3.4093286068763713,2.661551220378387,2.661551220378387,3.1200685055552597,1.0591002706634804,3.1540971573542222,3.266109370049366,3.161294703782362,3.217515671210701,3.2885741206104067,3.1871227182384225,3.2167352228108714,3.208370429268887,3.2204972164705334,4.703579294095676,3.207992145558116,3.1204589209738636,3.1823257006432657,3.200405713110691,2.661551220378387,2.6675804046794784,2.5958542035968915,2.4303210614761226,2.576621538322807,2.3821792601770895,2.7632276209389515,2.6987685091049625,3.103001269773925,3.2256841161059118,2.580573181497931,2.662987391242428,1.7086429616635725,9.685755606008982,2.7500512222747835,2.611655706981804,2.7210847646405765,2.426454179533928,2.7193271052520793,2.6017294774001725,2.661551220378387
C3_Hackathon_24h,2.773931411320057,1.481187257425937,0.0,2.998385073750319,1.6999367473450417,1.9129335117284072,1.2392896163245628,3.006937955480477,3.0069091184146606,1.9957498877823152,2.11594258425222,3.3701106612570206,3.456298820588179,3.5293296211969443,2.4376332785215062,2.5051032942671974,2.340648444788613,1.6340682421266501,2.344706035128258,1.9555561183653154,2.3378953667266122,2.2102698212395273,2.9895040582749224,2.1747228418554174,1.8287849692639335,1.8287849692639335,3.3284251132541938,1.2463620522821468,2.04966632559541,2.1274798574295315,2.1377089561804072,2.9991114566070878,2.1794741324987186,2.1743452970759978,2.3339777268610784,2.1269644785449557,2.337708506287335,3.2474658024633603,2.1365267503703516,2.4342212767566775,2.098542735268369,2.2064343773757558,1.8287849692639335,1.9710272850141133,1.8955946898755691,1.6514399331775214,1.8157494137180172,1.5875845249088596,1.9946015108847759,1.83834580261353,2.5246574186842032,2.893402489367663,1.8254769465010325,1.9676622158205352,2.6178086817376753,10.273807171487164,2.4602773073412725,1.9177946449456877,1.9938430652919783,1.7578345324355278,1.850095205642798,1.8071850292549871,1.8287849692639335
C4_Stadium_IngressEgress,1.104670402740944,1.7359405890899682,2.998385073750319,0.0,3.5118275715335203,3.600810049103031,1.9388840059845107,1.9411469529929903,2.699774278997161,2.2295073593323282,4.493018189054745,6.200365835047215,3.9137430114613543,4.093637953114335,3.978250277728095,2.140040480327555,4.0847372224019365,3.42374785607873,4.084704510926546,2.651699957606277,4.084798384835272,4.218931559740579,3.981239624130861,4.584463173539916,3.5712715193085196,3.5712715193085196,3.060952201066984,2.4217830946202574,4.208178770929926,4.313134198202058,4.104150837152115,3.66282476189179,4.385357953503129,4.172676194611942,4.084943869697753,4.23324589474385,4.084803732655855,6.04154373033305,4.246087318097476,3.9124620909765646,4.233122803197763,4.174991637230019,3.5712715193085196,3.460481134614558,3.413492629017369,3.343071404653379,3.43376006134107,3.3189510389529517,3.58306669832731,3.691182496925893,3.724356359177716,3.663350051427431,3.446132200133892,3.5002227015433083,1.8842283235145907,9.767758303261058,3.464664309459583,3.4165899640788493,3.5290830668175253,3.2744436815620173,3.64153683134118,3.480092342791058,3.5712715193085196
C5_Festival_MultiHotspots_HelsinkiMedium,3.40176209418197,2.570272838267497,1.6999367473450417,3.5118275715335203,0.0,0.3907700825770961,2.423644743354083,2.563262741780783,2.1779862261344545,1.6272581874247183,1.1118825920153625,3.3533407574782186,2.380204271702133,2.6158496109986804,1.2384493146707816,2.0762507085264494,0.8211123192603258,0.7592189436553184,0.8250494999728496,2.335129887585394,0.8185605606609869,1.2777398404385274,1.9338551255689158,1.4652274129875698,0.418414962528607,0.418414962528607,2.2740556015501374,2.190488887659767,0.8948033958025722,0.9018871604937355,0.6519195930909419,1.9985580724814402,1.3104597719104036,0.8999511111494374,0.8151116493428027,0.8895880080465682,0.8183910752986862,3.2355682604837677,1.0044951974503626,1.2006690769758672,0.9750830412546623,0.9308407926469142,0.418414962528607,0.3912573434030013,0.32926855625857343,0.21829574129772694,0.3027260703634113,0.24674676519819758,0.31335757784429924,0.92113606077332,1.2280263924218344,1.8687995170383673,0.21394770836179877,0.44441206317346865,3.384109275193675,10.295833471588479,2.059792307975693,0.36719455503909126,0.3519087937578159,0.3434379573835137,0.27725898386769693,0.18554718741795467,0.418414962528607
C6_Conference_Networking_HelsinkiMedium,3.465144737473267,2.718843890529162,1.9129335117284072,3.600810049103031,0.3907700825770961,0.0,2.572217967402677,2.483263125522124,2.051264354119258,1.6231831371860979,1.169473129852753,3.514760188225087,2.031783035386374,2.252225312556465,0.8557266410738824,2.053003139180188,0.5245546223017282,0.5605429137940192,0.5282893748162861,2.2121249658478312,0.5222477385836208,1.0041291146002962,1.5557175609637197,1.35537957699054,0.13183479790654315,0.13183479790654315,2.207079100795889,2.4568168379445505,0.7595725455859257,0.8367387090268465,0.8053024685848928,1.6509352312683812,1.113367780217156,0.6655952628871029,0.5193125969251771,0.7352568553588085,0.5220982305258319,3.419914510274667,0.806911147923283,0.813109438918788,0.7954335339983017,0.6741442911058017,0.13183479790654315,0.5513842276730404,0.48832274986023333,0.5357998410027616,0.5971930600223514,0.5812595589029718,0.3842297352311617,0.6537510731675519,1.4526848846386273,2.10497213260697,0.378494576248034,0.6173679227146185,3.345788277968672,10.487556191367498,1.7687929777699998,0.5504465649702158,0.45157585797415944,0.5166684658448056,0.15195702005815165,0.46512995508818805,0.13183479790654315
C7_Library_Quiet,1.6062021772176853,0.27152699993987506,1.2392896163245628,1.9388840059845107,2.423644743354083,2.572217967402677,0.0,2.459351749997051,2.738032735546136,1.7304592972616881,3.172686950270467,4.601090783692303,3.5434860311440652,3.6239689420247054,3.0093810537392645,2.072980460464642,3.0681892019528125,2.258210240224056,3.0720423512090576,1.743386778382509,3.065563356477543,2.996088655309289,3.283289107230367,3.186036399282001,2.505993671298585,2.505993671298585,3.1705353087981702,1.0434227241324499,2.9610769694771246,3.0759295681212544,3.0068557939618827,3.1360066489802896,3.0797084824461467,3.0056161937656714,3.0618093816842915,3.0205060148515637,3.0653847770012175,4.471407646881967,3.0149780335285854,2.974792396677521,2.988566317685144,3.0204663531488634,2.505993671298585,2.555790445079165,2.479819205254911,2.2991482730260677,2.4552997269345505,2.248289172305028,2.636506968005152,2.5179033743437276,3.0396024327359483,3.2161955056299196,2.4524743571310026,2.554857994287492,1.7273620320358007,9.863895031742382,2.61454410618846,2.499119441580392,2.6024564367404404,2.3102194862678394,2.567091823405927,2.471410336598807,2.505993671298585
C8_EmergencyDrill_Evacuation,1.9714873638112858,2.3758822217378293,3.006937955480477,1.9411469529929903,2.563262741780783,2.483263125522124,2.459351749997051,0.0,0.8995474726525834,1.1800752195388549,3.619940545967568,5.822238422963686,2.1438044023057787,2.4405605943608704,2.642526945824166,0.8537015733819607,2.840292993608692,2.425714040587509,2.8402459497463255,2.1986615073704643,2.8403809530095763,3.1153667048184053,2.414204996075626,3.6762185920016037,2.4961079168334694,2.4961079168334694,1.4153266753731233,2.7478586511239667,3.1887303906391513,3.3069487547920127,3.1212438610655053,2.0190704480042676,3.3676757176009064,3.0529950633355196,2.8405901731942946,3.1755312533605715,2.840388643792596,5.69536331437005,3.1805917720296173,2.5500747938239257,3.1849532788379293,3.033751080071172,2.4961079168334694,2.3951297641581992,2.3606629065712337,2.4272065050882077,2.4762215795491955,2.4427017656666195,2.4890102725243604,2.6380414328036035,2.7586668148133318,2.8450185846459046,2.4113420728304944,2.439526504503092,2.352437038305923,9.88891154077649,2.3170798678973124,2.3735164652147405,2.433046694527821,2.2679336717114613,2.5850548663036235,2.4939439357282276,2.4961079168334694
D1_ShelterHotspots_Clusters,2.510517676734948,2.6962325610886246,3.0069091184146606,2.699774278997161,2.1779862261344545,2.051264354119258,2.738032735546136,0.8995474726525834,0.0,1.0509571491027612,3.2137685111279484,5.524422934247493,1.6249758822384675,2.022892329072636,2.1731286141572728,0.7411431953781368,2.3329195498120594,2.105654433038057,2.3358323526316056,2.4081357102518774,2.330963201685455,2.713997340363474,1.9269868413869893,3.302380113082896,2.100095917709755,2.100095917709755,0.762538984678481,2.806191981783766,2.7683165986124654,2.8716662138737066,2.6634102855351673,1.546811488720512,2.974556652170543,2.603394351858752,2.328209305109569,2.7373085076866257,2.330831031866494,5.410283315863408,2.75332219557197,2.062974208132867,2.759684268727919,2.5787969817628973,2.100095917709755,1.9480833702521851,1.927152849907354,2.0590171518809135,2.0747249007599753,2.090989271392459,2.0373347144445524,2.289431463796885,2.289073626577765,2.429395518716449,1.9894472666482756,1.9563239879541092,2.9259192794357416,9.639933830252836,2.1554000894083973,1.9403040311849822,1.9721349087545534,1.8683920024486935,2.1635896313409018,2.085503591885398,2.100095917709755
D2_PartitionedCity_MuleBridge,1.957901779679611,1.7223933783924728,1.9957498877823152,2.2295073593323282,1.6272581874247183,1.6231831371860979,1.7304592972616881,1.1800752195388549,1.0509571491027612,0.0,2.6979752219171016,4.825384753518838,2.104891062552576,2.366059738897512,1.9836679883411346,0.5432893543338515,2.0742766176275276,1.532963395262793,2.078712098205361,1.7746962179603838,2.0712684745953336,2.3223489563221196,2.0547946046650125,2.7912734735290234,1.6288871016777184,1.6288871016777184,1.5005720558583,1.816573513624743,2.313117619770073,2.426459849130209,2.2389737872202913,1.7908006007695279,2.5269154905953743,2.225068974005177,2.066989996798812,2.316932603568126,2.07106434459942,4.702145297788875,2.3335704083509032,1.894240291775797,2.324158556031458,2.217738521002005,1.6288871016777184,1.5273265595327103,1.4707485504605846,1.4732642269678593,1.563171877742753,1.4729134405661555,1.636134954618705,1.8031121121273677,2.0240557919897606,2.2360425435693894,1.5017157826675918,1.5256608973093764,2.326712964160987,9.622630995157442,1.8902195628645544,1.4904387442987252,1.570329323762462,1.3334155066295426,1.694673487001631,1.580312077777907,1.6288871016777184
D3_Aftershock_ErraticMobility,4.380805904361503,3.374123626085567,2.11594258425222,4.493018189054745,1.1118825920153625,1.169473129852753,3.172686950270467,3.619940545967568,3.2137685111279484,2.6979752219171016,0.0,2.3923758634190473,2.9951417319750764,3.124114950966785,1.547108907726255,3.1662796292475086,1.0505283839222679,1.3678586177385463,1.0510659655162027,2.9457424773029723,1.050304703095229,1.167278781459428,2.389249560466796,0.7831539981637903,1.1465249246419138,1.1465249246419138,3.290657755219839,2.9361247575846936,0.6080499369919452,0.41871985378327314,0.7616646312559268,2.630907344582909,0.9269033949550537,0.8191586689913467,1.0501981285645094,0.6286852487317073,1.0502938548078156,2.316175672113338,0.7543899991998256,1.589103209616197,0.7149447794489266,0.8773114727830221,1.1465249246419138,1.3920803487476168,1.380343236607621,1.3064182904202595,1.3165110441035475,1.3088302502335558,1.236525786157774,1.2756161789990237,1.9198868110332596,2.605551328590285,1.2832973031076509,1.4161439260386,4.134360150440116,10.995921260059111,2.546978474194346,1.400099246422752,1.3213342187146428,1.4493445011579829,1.0549862961950096,1.2323655218369267,1.1465249246419138
D4_MedicalTriage_TwoClasses,6.121322987908001,4.838821129269855,3.3701106612570206,6.200365835047215,3.3533407574782186,3.514760188225087,4.601090783692303,5.822238422963686,5.524422934247493,4.825384753518838,2.3923758634190473,0.0,5.324635308161794,5.365590831495809,3.84004317212707,5.33375989708073,3.4343488645209552,3.570446422599918,3.434427508366418,4.7271054801795955,3.4343400251007763,3.2838154806564774,4.6587976052406725,2.5859591376698874,3.4703021006313506,3.4703021006313506,5.582177980239212,4.273158279874905,2.91969512245489,2.79086819903381,2.9882008254812287,4.943758758143523,2.9590837196033224,3.1491719741837936,3.43439421843125,2.96777410177451,3.4343407920700018,0.2629841514186837,3.0185375329211737,3.9065273889702685,2.9858111886264886,3.2000620897098147,3.4703021006313506,3.6420757909523136,3.6352535967281168,3.4900118954632853,3.5081744604243275,3.4633591365099647,3.5393600374271723,3.4845801577870823,3.87367399004496,4.391814965908921,3.5512285903837144,3.6457474973890047,5.761619246893677,12.060371852309302,4.598530669448098,3.6393577005659368,3.606471617829374,3.6750489014705,3.385590660996843,3.4686251704876185,3.4703021006313506
D5_UAVMule_FastRoute_HelsinkiMedium,3.6691493568109363,3.605687771569471,3.456298820588179,3.9137430114613543,2.380204271702133,2.031783035386374,3.5434860311440652,2.1438044023057787,1.6249758822384675,2.104891062552576,2.9951417319750764,5.324635308161794,0.0,0.5235995178409982,1.4862958891894262,2.1500123592837848,1.9796657003104066,1.9898365550471784,1.9797684697352274,2.4064853197321665,1.9796737282573862,2.084913927985819,0.7216660527080929,2.7846465559431497,2.0543453476366027,2.0543453476366027,2.047950100333487,3.7894068142960067,2.4194086555670102,2.5771495577270698,2.714100124920985,0.4699047452857461,2.4030395927577053,2.18795077572852,1.9798017727416781,2.3762788612019534,1.9796766605990723,5.2793663284746,2.3072568165249314,1.421840366509881,2.3421903056880153,2.133648799529167,2.0543453476366027,2.2948258014147207,2.2602614517385535,2.4124635297423036,2.447771138704656,2.461123146737337,2.229465136703588,1.9489051197468508,2.943424052714798,3.386691473670224,2.2478547230524644,2.330710133941572,3.394901930548745,10.913343111343313,1.4646107256933094,2.3058942922718026,2.232606694986276,2.2542680264082042,2.1820372495733515,2.3701102672659218,2.0543453476366027
D6_ShortTtlCritical_5to10min,3.79313512114611,3.703965262307005,3.5293296211969443,4.093637953114335,2.6158496109986804,2.252225312556465,3.6239689420247054,2.4405605943608704,2.022892329072636,2.366059738897512,3.124114950966785,5.365590831495809,0.5235995178409982,0.0,1.578384090547951,2.4583938847260836,2.1778165659370514,2.0990702501931664,2.1779674518875933,2.2937587059680355,2.177783976730093,2.084041291164166,0.7373103771594572,2.7833377838560036,2.2492474629057297,2.2492474629057297,2.526052604815553,3.969705892272109,2.524862534907089,2.7110355754257647,2.960507437226061,0.6603982330449275,2.407051861750923,2.3053010581742197,2.17784227099092,2.495474039280427,2.177783907551003,5.341699164457289,2.3898636472057566,1.5458427871629785,2.428358854352315,2.247498127343631,2.2492474629057297,2.6003063623104423,2.5522890039177053,2.6701318188307708,2.7330488859852324,2.712107669805951,2.512476281831465,2.0155518335446474,3.332056105524302,3.813233090287924,2.515598456606804,2.635512772505524,3.326400636377732,11.239355768995475,1.2672971521214391,2.6062387740550195,2.5278489455497235,2.5316655874903926,2.399327363349856,2.6394890313046915,2.2492474629057297
D7_HighLoad_TrafficStorm,3.7744948184536704,3.162944023703562,2.4376332785215062,3.978250277728095,1.2384493146707816,0.8557266410738824,3.0093810537392645,2.642526945824166,2.1731286141572728,1.9836679883411346,1.547108907726255,3.84004317212707,1.4862958891894262,1.578384090547951,0.0,2.3517036359697365,0.674701952768585,0.8145005598010858,0.6745038847757099,2.116847400498186,0.6750721396611657,0.6434798542862369,0.8445434031508665,1.3159228832832846,0.8352087248874702,0.8352087248874702,2.46944154080953,3.106146223697444,0.9513566930212318,1.134604761640186,1.4721730812994132,1.1190762787473743,0.9395183643641354,0.7286577678130557,0.6759518973825792,0.9187267839792811,0.6751044980690463,3.7975707734286455,0.8258861222985203,0.11768277900825522,0.8629879102735216,0.6720055943114293,0.8352087248874702,1.355877691527114,1.304293728982017,1.3803421485168619,1.443724922212349,1.4213026989997224,1.1897487192189318,0.6178156615745483,2.202520534960959,2.845788540069978,1.2180744381473707,1.4057467291920491,3.397014513203376,11.01382319004278,1.2706541777517857,1.365363672156328,1.250178132600602,1.3217654077657324,0.9711861077312873,1.3162526986902752,0.8352087248874702
D8_InfrastructureReturns_BackboneLinks,1.8664420786586622,2.002163395967653,2.5051032942671974,2.140040480327555,2.0762507085264494,2.053003139180188,2.072980460464642,0.8537015733819607,0.7411431953781368,0.5432893543338515,3.1662796292475086,5.33375989708073,2.1500123592837848,2.4583938847260836,2.3517036359697365,0.0,2.46101393241284,2.019451203033565,2.4653011695763913,2.128905281133818,2.4580979280088706,2.7682210041304978,2.275329672956185,3.277335852598238,2.07807930518397,2.07807930518397,1.2043406707527395,2.1417959942974893,2.7733162505693323,2.8786570918325443,2.6461484672283464,1.9383030182791894,2.9932310628228356,2.661526472433773,2.4539377324280562,2.7655106141605774,2.4578997902853708,5.205961336125343,2.7864164892812964,2.2513283503360437,2.780912366204185,2.649205493134722,2.07807930518397,1.9050484466332493,1.8669816472400629,1.9155323158592468,1.970211206439065,1.9239932292263806,2.028899672512547,2.269993893869428,2.251302459797382,2.3360482752276104,1.9215239272968452,1.8976825675581583,2.476804334542707,9.367864282871063,2.2106584463457817,1.8775730424392894,1.9537763784562467,1.7557586272360268,2.1348443649897972,2.0002754701089955,2.07807930518397
R1_Rural_RandomWaypoint,3.947176985178279,3.2234424721464667,2.340648444788613,4.0847372224019365,0.8211123192603258,0.5245546223017282,3.0681892019528125,2.840292993608692,2.3329195498120594,2.0742766176275276,1.0505283839222679,3.4343488645209552,1.9796657003104066,2.1778165659370514,0.674701952768585,2.46101393241284,0.0,0.88466223326442,0.016347308408966144,2.528887546072893,0.011345708204983485,0.8154764202170276,1.4469426757529018,1.1745322571707217,0.569274401930063,0.569274401930063,2.445854759746667,2.959392126048104,0.5947374236643634,0.6481986358027594,0.8304800444809798,1.654116193883693,0.9104399964677554,0.3952144705945143,0.027873467224042825,0.5126851681601764,0.01212360193009443,3.365208288561185,0.5807901493709333,0.6674813148559673,0.5940603694565169,0.3809091146974306,0.569274401930063,0.9224204082878494,0.9041038119102245,1.002313537182275,0.9995089887599385,1.051384256904298,0.722931126684121,0.7764425522710795,1.6736260299094192,2.365791998759073,0.8250790625373018,0.9736600399255009,3.7452821126690328,10.788170822256443,1.8772353065494738,0.9484081213909515,0.8066126882508315,0.9941508185533979,0.5632533773980077,0.8773210556464269,0.569274401930063
R2_VillagesTrails_ThreeClusters,3.2181751512455383,2.4293365469043593,1.6340682421266501,3.42374785607873,0.7592189436553184,0.5605429137940192,2.258210240224056,2.425714040587509,2.105654433038057,1.532963395262793,1.3678586177385463,3.570446422599918,1.9898365550471784,2.0990702501931664,0.8145005598010858,2.019451203033565,0.88466223326442,0.0,0.8878107996968326,1.7115970260550921,0.8826483972364342,0.8389605475419091,1.443652151541254,1.2729011800176862,0.45112971044216543,0.45112971044216543,2.436301400902753,2.334621029628766,0.8716493973994527,1.0553478488266903,1.261734485851284,1.5436425900762785,1.0047160852737598,0.8123162615575177,0.8799683119958108,0.9023803425203974,0.8825154978173648,3.494263462523571,0.8625889402095531,0.8029218556261357,0.8555457779532941,0.8081159248263499,0.45112971044216543,1.0174854406502893,0.9262481541742931,0.8563448456590677,1.0101046929898843,0.8633722148015762,0.9047477091075431,0.3054392225379308,1.9353757058138326,2.5392693514279507,0.8086170148743889,1.06202439482483,2.9168283036149054,10.654829890918878,1.3396993802853363,0.992568235156579,0.9485854640305386,0.8507109168391853,0.6205902896875586,0.8931040694611451,0.45112971044216543
R3_WildlifeTracking,3.9511165142407987,3.2274816653301466,2.344706035128258,4.084704510926546,0.8250494999728496,0.5282893748162861,3.0720423512090576,2.8402459497463255,2.3358323526316056,2.078712098205361,1.0510659655162027,3.434427508366418,1.9797684697352274,2.1779674518875933,0.6745038847757099,2.4653011695763913,0.016347308408966144,0.8878107996968326,0.0,2.5290028990062563,0.027693016613949628,0.8159840515062935,1.4471574728381962,1.1747516613542164,0.5717705999881796,0.5717705999881796,2.448758306258427,2.96572736325562,0.5960170072173709,0.6489102729024676,0.8327578859595028,1.6546062828930073,0.9107209003360854,0.3961294200612035,0.04422077563300897,0.5135741097362155,0.028470910339060573,3.3651685828363314,0.5815121146498616,0.6682437536838985,0.5954202655434462,0.38177830796247103,0.5717705999881796,0.9262482741490617,0.908244658726815,1.0065231871314018,1.0033189199341708,1.0556655322387032,0.7261026784083153,0.7782745732035963,1.6768527446380703,2.369530600337838,0.8295070612014432,0.9800879186625783,3.745543788564503,10.800196982369192,1.877388092225217,0.9523333031618427,0.810648315487881,0.9987494704062353,0.5673138132893876,0.8812394130273427,0.5717705999881796
R4_ParkRangers_HelsinkiMedium,2.3672183708947547,1.8778189707659847,1.9555561183653154,2.651699957606277,2.335129887585394,2.2121249658478312,1.743386778382509,2.1986615073704643,2.4081357102518774,1.7746962179603838,2.9457424773029723,4.7271054801795955,2.4064853197321665,2.2937587059680355,2.116847400498186,2.128905281133818,2.528887546072893,1.7115970260550921,2.5290028990062563,0.0,2.528869606037645,2.1812284359457124,2.1114410862762925,2.6084169778624986,2.1158836241213685,2.1158836241213685,3.070488203599015,2.529496094988174,2.4854471750036278,2.69481140744228,2.9262965554990044,2.0097794292142157,2.3816958015037306,2.4382900773400307,2.528934556475454,2.5360700061107755,2.528870240656013,4.666009118165941,2.4357002231136975,2.112285704467001,2.439597303391625,2.4214055059262365,2.1158836241213685,2.5141731825062537,2.419804733321892,2.3218438812006275,2.49724611387232,2.305759904988024,2.4822419815740417,1.8188662060841136,3.3380698807189737,3.7601121245192326,2.347926380677527,2.5637498336365367,1.3674112191244296,11.057955699080615,1.1495268441547744,2.4737899489451034,2.4919975383120425,2.2794038032717023,2.2865155965713644,2.4305218069944856,2.1158836241213685
R5_MountainRescue,3.944480303636187,3.220684905321267,2.3378953667266122,4.084798384835272,0.8185605606609869,0.5222477385836208,3.065563356477543,2.8403809530095763,2.330963201685455,2.0712684745953336,1.050304703095229,3.4343400251007763,1.9796737282573862,2.177783976730093,0.6750721396611657,2.4580979280088706,0.011345708204983485,0.8826483972364342,0.027693016613949628,2.528869606037645,0.0,0.8153166240022611,1.4469021587377695,1.1745137212704733,0.5678122237056645,0.5678122237056645,2.443901833044723,2.955040388214461,0.5941122033240246,0.6479467717423462,0.8290849542549372,1.6538709575200277,0.9104175594321322,0.39497615266416636,0.01652775901905934,0.5123739994691102,0.0007778937251109452,3.365282528121207,0.5805592091418726,0.6671871437883545,0.5933795235051402,0.3807175524216868,0.5678122237056645,0.9199251347408486,0.9013930091536666,0.9995386252303115,0.9970137602624093,1.048552431871196,0.72093967492047,0.7753711457579323,1.6714768848208863,2.36326025391614,0.8221829228997636,0.9693358463602828,3.7451424355149854,10.779830855900311,1.8772129485912663,0.9458404139329953,0.8039953059306935,0.9911051395005234,0.5606982261529526,0.8747708400977857,0.5678122237056645
R6_SparseLongRange,3.999011435191979,3.1915179677954257,2.2102698212395273,4.218931559740579,1.2777398404385274,1.0041291146002962,2.996088655309289,3.1153667048184053,2.713997340363474,2.3223489563221196,1.167278781459428,3.2838154806564774,2.084913927985819,2.084041291164166,0.6434798542862369,2.7682210041304978,0.8154764202170276,0.8389605475419091,0.8159840515062935,2.1812284359457124,0.8153166240022611,0.0,1.3892245847698623,0.7076791832125716,0.932122455493533,0.932122455493533,3.0110065723240083,3.0830334418240692,0.6063178509437379,0.8326207122012269,1.4092784604953048,1.6993923275827856,0.3281987607889444,0.5211223106017883,0.8153663376263355,0.63111999429119,0.815311450398721,3.2612002321702507,0.4451228226241309,0.7402323226620288,0.4809496037053759,0.4885996945479626,0.932122455493533,1.542916361340253,1.4837306850936283,1.4661469161934013,1.557322509359321,1.4858239769642756,1.3552117722454873,0.5407850041541966,2.3943847802414315,3.0759381822850504,1.361260525321179,1.582712749484302,3.5111843688616755,11.242712793610842,1.4920438947977532,1.5438742833094072,1.436634124962114,1.492178602114253,1.0387587684456132,1.4205645941051497,0.932122455493533
R7_SparseTinyBuffer,3.7203604629173754,3.3953614584917666,2.9895040582749224,3.981239624130861,1.9338551255689158,1.5557175609637197,3.283289107230367,2.414204996075626,1.9269868413869893,2.0547946046650125,2.389249560466796,4.6587976052406725,0.7216660527080929,0.7373103771594572,0.8445434031508665,2.275329672956185,1.4469426757529018,1.443652151541254,1.4471574728381962,2.1114410862762925,1.4469021587377695,1.3892245847698623,0.0,2.091557460509056,1.5525687970882809,1.5525687970882809,2.3467784631741764,3.518251514848828,1.793430999455021,1.974887897739274,2.2414646859752883,0.4368860178914088,1.710591707703075,1.5701379306566954,1.4470023289841092,1.7606506402051967,1.4469026397261773,4.6270711930357376,1.6617017080064085,0.8116646111236769,1.6999499994637017,1.5123833641399742,1.5525687970882809,1.9508756429100822,1.9023278457002462,2.0158477940316764,2.076135217557975,2.059740067866211,1.8370433702016842,1.3302725043548933,2.7307953865895405,3.2821319822045965,1.8515269588882688,1.9904465038505479,3.303843424805401,11.084602626289449,1.0439650720329061,1.959390951878599,1.8656418275574533,1.8967280174968917,1.698278514103226,1.9706673301293378,1.5525687970882809
R8_IntermittentPower,4.392260576070685,3.4093286068763713,2.1747228418554174,4.584463173539916,1.4652274129875698,1.35537957699054,3.186036399282001,3.6762185920016037,3.302380113082896,2.7912734735290234,0.7831539981637903,2.5859591376698874,2.7846465559431497,2.7833377838560036,1.3159228832832846,3.277335852598238,1.1745322571707217,1.2729011800176862,1.1747516613542164,2.6084169778624986,1.1745137212704733,0.7076791832125716,2.091557460509056,0.0,1.28320854651157,1.28320854651157,3.5334181755454566,3.172183236740352,0.6302641729869976,0.7204940996982545,1.3850024309763433,2.403462018741772,0.3821664559941926,0.7857906788412591,1.1746828246151975,0.6979085902670784,1.1745164651830449,2.576559126069189,0.6011681682908958,1.4024373141878643,0.5930710720990945,0.8091895016411812,1.28320854651157,1.7950917986195016,1.749137581605421,1.6710802583489244,1.7483190166704399,1.6735307362893073,1.6115001404879923,1.0544760780553772,2.5281489687022054,3.222199726541503,1.622173194195464,1.8248505979143608,3.900036723429315,11.420306021482274,2.1119286264957418,1.794868291481758,1.701483877911554,1.7725398242080086,1.3077727689388332,1.6276360532290985,1.28320854651157
S01A_Urban_WorkingDay_HelsinkiMedium,3.4353397246819717,2.661551220378387,1.8287849692639335,3.5712715193085196,0.418414962528607,0.13183479790654315,2.505993671298585,2.4961079168334694,2.100095917709755,1.6288871016777184,1.1465249246419138,3.4703021006313506,2.0543453476366027,2.2492474629057297,0.8352087248874702,2.07807930518397,0.569274401930063,0.45112971044216543,0.5717705999881796,2.1158836241213685,0.5678122237056645,0.932122455493533,1.5525687970882809,1.28320854651157,0.0,0.0,2.29135078972171,2.428368060712292,0.7140895077403597,0.8172113151996679,0.8612350795978639,1.656402443735574,1.0409948860186344,0.6359266619509075,0.5660824990250712,0.7046420723047153,0.5677201406720863,3.3783535718711835,0.7572804370056097,0.8047431834349098,0.7450335458609553,0.645765264315933,0.0,0.6460498812011157,0.5740091738449609,0.5710121510467515,0.66382643505258,0.604793110311904,0.48765187814629074,0.5497338718982431,1.553915638419673,2.20195782428579,0.4529840466248209,0.7151776438162046,3.2657601801111054,10.56152927513158,1.6963317994449072,0.6370337114984833,0.5556861831447449,0.5738731242842459,0.19599678942365617,0.5308104108557595,0.0
S01A_Urban_WorkingDay,3.4353397246819717,2.661551220378387,1.8287849692639335,3.5712715193085196,0.418414962528607,0.13183479790654315,2.505993671298585,2.4961079168334694,2.100095917709755,1.6288871016777184,1.1465249246419138,3.4703021006313506,2.0543453476366027,2.2492474629057297,0.8352087248874702,2.07807930518397,0.569274401930063,0.45112971044216543,0.5717705999881796,2.1158836241213685,0.5678122237056645,0.932122455493533,1.5525687970882809,1.28320854651157,0.0,0.0,2.29135078972171,2.428368060712292,0.7140895077403597,0.8172113151996679,0.8612350795978639,1.656402443735574,1.0409948860186344,0.6359266619509075,0.5660824990250712,0.7046420723047153,0.5677201406720863,3.3783535718711835,0.7572804370056097,0.8047431834349098,0.7450335458609553,0.645765264315933,0.0,0.6460498812011157,0.5740091738449609,0.5710121510467515,0.66382643505258,0.604793110311904,0.48765187814629074,0.5497338718982431,1.553915638419673,2.20195782428579,0.4529840466248209,0.7151776438162046,3.2657601801111054,10.56152927513158,1.6963317994449072,0.6370337114984833,0.5556861831447449,0.5738731242842459,0.19599678942365617,0.5308104108557595,0.0
S1_StrongCommunities_SeparateClusters,2.97996833125421,3.1200685055552597,3.3284251132541938,3.060952201066984,2.2740556015501374,2.207079100795889,3.1705353087981702,1.4153266753731233,0.762538984678481,1.5005720558583,3.290657755219839,5.582177980239212,2.047950100333487,2.526052604815553,2.46944154080953,1.2043406707527395,2.445854759746667,2.436301400902753,2.448758306258427,3.070488203599015,2.443901833044723,3.0110065723240083,2.3467784631741764,3.5334181755454566,2.29135078972171,2.29135078972171,0.0,3.009879535404881,2.937230884011119,2.982297965178374,2.626915146825719,2.029496274094091,3.2324733140684248,2.7786334963855808,2.4411484889961903,2.8888532426651894,2.44376980729233,5.44989698614296,2.949761374039822,2.3536134194430613,2.9520386886258736,2.7617128410982503,2.29135078972171,1.945956257930095,1.9633685606083664,2.1404685025671846,2.0880805281457984,2.180141572934297,2.068511911807969,2.6179107867347757,1.9732992320310514,1.9685961279109578,2.0645152933320654,1.9418006815397646,3.590875955718738,9.305188348669706,2.768810902013611,1.9524135121617625,1.989556923841611,1.9549111380848374,2.2943810752174154,2.1323933701860955,2.29135078972171
S2_WeakCommunities_HighMixing,2.1256556882294513,1.0591002706634804,1.2463620522821468,2.4217830946202574,2.190488887659767,2.4568168379445505,1.0434227241324499,2.7478586511239667,2.806191981783766,1.816573513624743,2.9361247575846936,4.273158279874905,3.7894068142960067,3.969705892272109,3.106146223697444,2.1417959942974893,2.959392126048104,2.334621029628766,2.96572736325562,2.529496094988174,2.955040388214461,3.0830334418240692,3.518251514848828,3.172183236740352,2.428368060712292,2.428368060712292,3.009879535404881,0.0,2.8661954173126603,2.9105875239368135,2.65978991183471,3.3960733439285753,3.112014998917107,2.9388948034223614,2.9487676567431507,2.914321862686171,2.9547433819116717,4.111649439219585,2.966528599086074,3.0583019407968455,2.928369900843361,2.9667728080200155,2.428368060712292,2.26135171727555,2.2122433830311037,2.029476564648835,2.1351764635943535,1.972221066380167,2.3907114804387457,2.6171052403138364,2.476360591757708,2.5316837438243227,2.215732994440444,2.215994320402357,2.7275545966099473,9.155830987516334,3.109027766365917,2.2080180744974736,2.335521655995941,2.067398023407197,2.4092905624869125,2.1955647446630704,2.428368060712292
S3_PeriodicMeetings_RegularRhythm,4.049584048854568,3.1540971573542222,2.04966632559541,4.208178770929926,0.8948033958025722,0.7595725455859257,2.9610769694771246,3.1887303906391513,2.7683165986124654,2.313117619770073,0.6080499369919452,2.91969512245489,2.4194086555670102,2.524862534907089,0.9513566930212318,2.7733162505693323,0.5947374236643634,0.8716493973994527,0.5960170072173709,2.4854471750036278,0.5941122033240246,0.6063178509437379,1.793430999455021,0.6302641729869976,0.7140895077403597,0.7140895077403597,2.937230884011119,2.8661954173126603,0.0,0.24121218619777254,0.8471140456048538,2.0427981545772567,0.4862396319949048,0.2447658480087434,0.5935884186030852,0.10160612543098448,0.5940772498185637,2.8628627434483556,0.176168058276985,0.999802335438986,0.1310221151418064,0.3006063377360687,0.7140895077403597,1.185745061588845,1.1468485207971093,1.1103621284820073,1.1635898507695308,1.127513644954941,0.9937522821370662,0.7118095242386691,1.9401276381464765,2.6397174747408063,1.0269848859488109,1.2230276654358028,3.734709843882635,10.984316264503027,1.9651614986564774,1.1917278936661235,1.0861380335896322,1.1933765496199675,0.7077037027147592,1.0380144125314836,0.7140895077403597
S4_RandomMixing_NoHotspots,4.180282639766635,3.266109370049366,2.1274798574295315,4.313134198202058,0.9018871604937355,0.8367387090268465,3.0759295681212544,3.3069487547920127,2.8716662138737066,2.426459849130209,0.41871985378327314,2.79086819903381,2.5771495577270698,2.7110355754257647,1.134604761640186,2.8786570918325443,0.6481986358027594,1.0553478488266903,0.6489102729024676,2.69481140744228,0.6479467717423462,0.8326207122012269,1.974887897739274,0.7204940996982545,0.8172113151996679,0.8172113151996679,2.982297965178374,2.9105875239368135,0.24121218619777254,0.0,0.6841018744059967,2.2175995655437477,0.6757573534695488,0.40761767196802684,0.6479352963675409,0.2225647278341772,0.6479367773059762,2.7244984540695167,0.3886344078973935,1.1737283000760816,0.35405242622830063,0.46599327298570187,0.8172113151996679,1.1683146768728314,1.1469922102804435,1.1175127919491559,1.1374580396168399,1.1354702565923223,0.9816796673053755,0.9316793028527588,1.8320008906376277,2.538096935905771,1.0404892473798726,1.2028221256087008,3.9191111724527583,10.949351757483816,2.1960034559719928,1.1803431691825903,1.075008753114949,1.2186139346421505,0.7552787196855248,1.025865159412299,0.8172113151996679
S5_TwoLayer_StudentsStaff,4.030433016484834,3.161294703782362,2.1377089561804072,4.104150837152115,0.6519195930909419,0.8053024685848928,3.0068557939618827,3.1212438610655053,2.6634102855351673,2.2389737872202913,0.7616646312559268,2.9882008254812287,2.714100124920985,2.960507437226061,1.4721730812994132,2.6461484672283464,0.8304800444809798,1.261734485851284,0.8327578859595028,2.9262965554990044,0.8290849542549372,1.4092784604953048,2.2414646859752883,1.3850024309763433,0.8612350795978639,0.8612350795978639,2.626915146825719,2.65978991183471,0.8471140456048538,0.6841018744059967,0.0,2.3837139898333652,1.3318498911528758,0.9043351597679934,0.8273269232334802,0.8071775152490517,0.8289949050916418,2.8702490167654697,0.9946130356211954,1.4579206713183905,0.962425541996247,0.9511719168035944,0.8612350795978639,0.7506174010026258,0.7810759699917774,0.7938682730753369,0.7060923873346672,0.8193308303770256,0.6399558828708398,1.2901543436600111,1.1752877080385862,1.8790104892974284,0.7421041813148319,0.7727032053620534,4.017644040561284,10.457757827904409,2.5361453794297177,0.77492280133886,0.7020111919170046,0.9068107773198341,0.6805688535185016,0.6626214642808058,0.8612350795978639
S6_FamilyGroups_SmallPersistent,3.4089784928716034,3.217515671210701,2.9991114566070878,3.66282476189179,1.9985580724814402,1.6509352312683812,3.1360066489802896,2.0190704480042676,1.546811488720512,1.7908006007695279,2.630907344582909,4.943758758143523,0.4699047452857461,0.6603982330449275,1.1190762787473743,1.9383030182791894,1.654116193883693,1.5436425900762785,1.6546062828930073,2.0097794292142157,1.6538709575200277,1.6993923275827856,0.4368860178914088,2.403462018741772,1.656402443735574,1.656402443735574,2.029496274094091,3.3960733439285753,2.0427981545772567,2.2175995655437477,2.3837139898333652,0.0,2.0224087068247347,1.824292715897287,1.6536529458425753,2.0112572153800383,1.6538569932700067,4.894951856825737,1.9342861781247054,1.053581805548892,1.9661323673182145,1.772191316341186,1.656402443735574,1.9610834066332077,1.9128557757551137,2.0355805074831435,2.0952094970113335,2.0786687740963914,1.8876569062669786,1.512905924593345,2.6976259572781953,3.180715322453305,1.8842395874699986,2.000708292322748,3.0831436776849355,10.855406361391053,1.0690681207567125,1.9651146047967663,1.895903961939067,1.8886644487083435,1.801498908084083,2.0090947049783727,1.656402443735574
