,U1_CBD_Commuting_HelsinkiMedium,U2_SparseSuburb_HelsinkiMedium,U3_MicroMobility_HelsinkiMedium,U4_CongestionHotspot_HelsinkiMedium,U5_WorkdayShort_HelsinkiMedium,U6_OfficeWaitHeavyTail_HelsinkiMedium,U7_HighTimeVariance_HelsinkiMedium,C1_Campus_ClassChange,C2_ExamDay_LongStays,C3_Hackathon_24h,C4_Stadium_IngressEgress,C5_Library_Quiet,C6_EmergencyDrill_Evacuation,V1_TaxiLow_HelsinkiMedium,V2_TaxiHigh_HelsinkiMedium,V3_BusOnlyCarriers_HelsinkiMedium,V4_CarOwnership_0_HelsinkiMedium,V5_CarOwnership_100_HelsinkiMedium,R10_TinyRange_5m,R11_SpeedExtremeLow,R12_SpeedExtremeHigh,R1_Rural_RandomWaypoint,R2_VillagesTrails_ThreeClusters,R3_WildlifeTracking,R4_ParkRangers_HelsinkiMedium,R5_MountainRescue,R6_SparseLongRange,R7_SparseTinyBuffer,R8_IntermittentPower,R9_ExtremeRange_200m,D1_ShelterHotspots_Clusters,D2_PartitionedCity_MuleBridge,D3_Aftershock_ErraticMobility,D4_MedicalTriage_TwoClasses,D5_UAVMule_FastRoute_HelsinkiMedium,D6_ShortTtlCritical_5to10min,D7_HighLoad_TrafficStorm,D8_InfrastructureReturns_BackboneLinks,D9_Critical_1minTTL,S1_StrongCommunities_SeparateClusters,S2_WeakCommunities_HighMixing,S3_PeriodicMeetings_RegularRhythm,S4_RandomMixing_NoHotspots,S5_TwoLayer_StudentsStaff,S6_FamilyGroups_SmallPersistent,T10_HighRateLowSpeed_Congestion,T11_TTL_1min,T12_TTL_Infinite_Buffer200M,T13_Buffer_256k,T14_Buffer_200M,T15_TransmitSpeed_256k,T1_ManySmallMsgs_HighRate,T2_FewHugeMsgs_LowRate,T3_MixedBimodal_SmallAndLarge,T4_VeryShortTtl_5to10min,T5_VeryLongTtl_6to24h,T6_UniformSources_RandomFromTo,T7_TargetedToHubs_FewDestinations,T8_BurstTraffic_TimeWindows,T9_BufferStress_SmallBufferHighTraffic
U1_CBD_Commuting_HelsinkiMedium,-4.440892098500626e-16,0.4264223695145074,0.34002331609362624,0.18198571205055347,0.36380108929498367,0.48317103776373416,0.470644581989236,1.160976691815236,1.4360854828592027,1.2277988263084265,1.1210010385839355,1.39495623912242,0.9875693974698058,0.8982728623508134,0.7315680093728263,0.4987555569746084,0.2964518834532034,0.366712488858857,1.4687114784738975,1.3259753779817764,0.7884052037847129,1.092775068520724,1.043500340716783,1.31065194156912,1.0654523226737196,1.3050267933940414,1.2421808824076341,1.3311908340206047,1.125625228926363,1.1488290753195038,1.0537568530988919,1.1917916722037618,1.3613449796458221,1.1393647894108796,0.8987139606190059,1.2237771850016785,1.046271302671002,1.1027237838195028,1.3388301960424858,0.9378752199130431,1.0168843121241335,1.3590393755560197,1.3114906795499466,1.0787157337373627,1.0299910082316728,1.3654950351684774,1.34302586977412,1.1507265116321825,1.3315225427016437,1.1845261680475772,1.4023359176082162,1.279769501828846,1.0984514288481693,1.1862560883175095,1.4163460319994998,1.500069444937839,1.280842824033615,1.1454724224360422,1.199318651079783,1.3345713146159897
U2_SparseSuburb_HelsinkiMedium,0.4264223695145074,-2.220446049250313e-16,0.6201771195522368,0.5226525501483876,0.5377347522033609,0.42834575288462906,0.530176569983613,1.2091034864674617,1.4716552886660845,1.2539584083672137,1.2001851891061581,1.3870364609633885,1.0482330795374135,0.7478690828411301,0.6923353964633662,0.41998775783001285,0.4815865654376382,0.5425893427098669,1.3263976328295735,1.0297827081547994,0.880113280131323,0.7466176959305287,1.0187756685830232,1.1158469978139725,0.9056954108382538,1.1953964608912022,0.9757952509147888,1.1566614970629188,1.090157485887563,1.120026433784508,1.1558972397081138,1.2389595202788068,1.3462474117938685,1.1426573098782793,0.886468833976301,1.2454697758596889,1.1374636126820405,1.1672488965655647,1.3173314263729328,1.0712637557902371,1.2826166705534974,1.461954959917796,1.3642681282752713,1.2536075700945366,1.027995040977074,1.2367630912061787,1.341027022238092,1.105484786856882,1.2732590418995045,1.174924354271981,1.2304873683105328,1.3260802569884318,1.0896824062225785,1.1677470361959421,1.3876469879375088,1.426272926832688,1.305367346565275,1.1292714641862927,1.1619038850468242,1.317162435637785
U3_MicroMobility_HelsinkiMedium,0.34002331609362624,0.6201771195522368,2.220446049250313e-16,0.2076783343723102,0.24447839313983555,0.3675410053558551,0.2493701058868193,1.1676261113692172,1.263804308012888,1.212380443536501,1.0745202826868903,1.370550143702702,0.9720806447937346,0.9931699007503473,0.8869795174737514,0.8040648601375054,0.261674412103412,0.3659724311807797,1.6998851669533908,1.5399092496757139,0.9389921920416441,1.2394714642996756,1.1660250855980823,1.4593647205699647,1.2891719457471114,1.2284906334195662,1.2262629507325793,1.0717511906303563,1.1642664951902104,1.2143441915677888,1.0075245789120457,1.168323933176504,1.099369197698872,1.0605700173415473,0.9408162081537529,1.030271605389493,1.002987252087211,1.066916963369101,1.1324575456243884,0.8044878394173555,0.944565271593479,1.1509684543806733,1.2832807450798305,1.0279632520643778,1.0845733865446197,1.1898087956111598,1.1563694387036507,1.4104710310138822,1.1665889781585903,1.2654926292510074,1.3373572741692445,1.4266182836012202,1.1791291379610682,1.2600815291717467,1.12644602243509,1.3043386772153414,1.5652464767306196,1.1899401403474847,1.1411189108568738,1.2834529357321878
U4_CongestionHotspot_HelsinkiMedium,0.18198571205055347,0.5226525501483876,0.2076783343723102,-4.440892098500626e-16,0.21061528144652208,0.39921545302551065,0.28617315295028656,1.1927958504704241,1.3862103311868632,1.2081094435688742,1.1204081028963304,1.4303456359456843,0.9986560836021035,0.9462848474162168,0.7335381664573878,0.4913109984723961,0.19590381935844092,0.3284700399924574,1.5589719970174827,1.3950914404626873,0.8054466942645393,1.1258577641405108,1.0748647442683565,1.3631504622005757,1.0964428385786338,1.2298333512324833,1.3329374736688624,1.2459808094598666,1.1570681449388789,1.1919423760749326,1.088601132699773,1.2277565946654723,1.241028652072499,1.1027067547565725,0.9193557587031953,1.1359623915168546,1.0890743996886083,1.1291552793318234,1.2106866596427914,0.9603304466841722,1.0729120256522804,1.2289191021780361,1.403209513243895,1.1515872896738917,1.0479301775848526,1.496699592062277,1.2389642384999844,1.1810310549392233,1.2216426818556272,1.1256037460398025,1.5428894307792407,1.3338405785177914,1.1219564393708177,1.2288506432132014,1.344774196537979,1.4240465645222324,1.3380128452677376,1.1744802091289377,1.1946939805354007,1.439931264431126
U5_WorkdayShort_HelsinkiMedium,0.36380108929498367,0.5377347522033609,0.24447839313983555,0.21061528144652208,-2.220446049250313e-16,0.34876178675342284,0.29716791312261537,1.2062433951564855,1.3108185187561976,1.2215111616482228,1.1513439316579204,1.3758649464973864,1.0111158828018663,0.8680041672030516,0.7756830374862139,0.5546968088600772,0.22517280114008087,0.4470802925837317,1.6118708695856454,1.448053151260638,0.8538310496351483,1.1686440104378804,1.1113569035751243,1.3908319417607558,1.1311396666255682,1.1781632270647202,1.192069428924964,1.1626930274899736,1.1513842145570414,1.2168023919428923,1.1258855005608865,1.2441101799638141,1.1661658863899245,1.076864416575514,0.9639420187849179,1.0826680488084701,1.1413553932473757,1.145922668698109,1.211403585472704,0.9984807162618747,1.1386398422549422,1.2224994437732615,1.484583644294719,1.2351851422560463,1.0670009699275798,1.2553750620425483,1.176717668728115,1.1857094285430143,1.2148844471425526,1.0684449124393627,1.2866582668290327,1.4666056680805895,1.1381914002836153,1.258647234726711,1.2266771094532203,1.2712350155672272,1.4892484951578815,1.1921702971433579,1.1469978839433166,1.4343820552715636
U6_OfficeWaitHeavyTail_HelsinkiMedium,0.48317103776373416,0.42834575288462906,0.3675410053558551,0.39921545302551065,0.34876178675342284,-2.220446049250313e-16,0.28874755925555107,1.1839557748543124,1.3541896542705247,1.2379390706966258,1.1524754966519521,1.3426279488639257,1.0046057975296587,0.8345628483822712,0.7713803074910792,0.5573994418317626,0.47148296723426564,0.4430627030143858,1.525783427917085,1.374797169145269,0.8399557971030616,1.1249477784450779,1.0801567058630634,1.3387395676918392,1.0986250489641083,1.241416353759612,1.122299347750871,1.2665193642287558,1.1255055539499108,1.1917825252930239,1.0928888298196844,1.21413483168006,1.2578737521524639,1.1050282558117757,0.9402170084627806,1.1547701578377803,1.1146885696418478,1.1242068868112154,1.3347713320075036,0.9765446214521222,1.089611383988385,1.337636092185861,1.430509872503735,1.1656487974659449,1.0499049988125273,1.1665642490439365,1.2944570218073517,1.0856498399005428,1.338758152776863,1.0486599902176363,1.1734193176759609,1.4508185392617183,1.1369122840348593,1.217246062135368,1.317560394451121,1.329739348747942,1.4207242185057867,1.164537118672944,1.1464021604031396,1.3906542837749207
U7_HighTimeVariance_HelsinkiMedium,0.470644581989236,0.530176569983613,0.2493701058868193,0.28617315295028656,0.29716791312261537,0.28874755925555107,-2.220446049250313e-16,1.2049730199356106,1.3345296769733088,1.2551351861558535,1.1755766805185517,1.3594955181639667,1.0082396458370515,0.7967730795366287,0.7768116503668273,0.5578012571198439,0.3005094286020574,0.3732014219375194,1.6178068402563113,1.4463189012924695,0.8592453820483494,1.1629614619558823,1.1137293565123163,1.388523124101739,1.1316234831603367,1.2147464301721498,1.0715178079715948,1.1840046929644592,1.1392613425847458,1.195426017698403,1.1298396184804238,1.2476697832770034,1.2220672046030776,1.0950380410307134,0.9652900076335269,1.123768376759112,1.1460383243458439,1.149242779822563,1.3029142489911623,1.0013936923071263,1.1477474851797889,1.3191691542651263,1.4901042950733892,1.242542575238724,1.0686747338545814,1.0939333318367506,1.2290475454004637,1.1882858915541017,1.2918304510293956,1.094835822780643,1.1158111570261025,1.518260704152719,1.1388963404202408,1.2615249178583077,1.2386856290983315,1.276155276627022,1.5511459012644269,1.1938423676915082,1.140115017864237,1.3938700536843953
C1_Campus_ClassChange,1.160976691815236,1.2091034864674617,1.1676261113692172,1.1927958504704241,1.2062433951564855,1.1839557748543124,1.2049730199356106,0.0,0.8535553573932209,0.887829593432502,0.9967369746212419,0.8141538296282829,0.8651317371688639,1.1640883001948357,1.1693500685029876,1.2173276322093558,1.19208571531489,1.1606420399080428,0.8596491938889235,0.9625391900524898,1.028391332143725,1.120476022559827,1.0476033507347637,0.6262585823107327,1.0502329382185878,1.0919209074855618,1.036616394584643,1.158970712758915,1.0083971015241784,0.9548637030823935,1.0261111479577145,0.9463467165313836,1.0731771681730207,1.0917568837596625,1.0988319303289869,1.086775732717601,1.053709108405308,0.9998498256959181,1.0871842353166485,1.0335879280261449,0.880489023302585,0.9470352395081798,0.8755846916879191,0.9258943741043016,1.0357517688872662,0.9992268468190817,1.039690453300436,0.9354107673491238,1.037776909797035,0.9828639113223289,0.921114047985053,0.9820417114988335,0.7599994977018955,1.020713298696567,0.9783057563791715,0.8451058347964899,0.8732030801226338,1.021030175387076,1.0862106027264455,1.0124635228703414
C2_ExamDay_LongStays,1.4360854828592027,1.4716552886660845,1.263804308012888,1.3862103311868632,1.3108185187561976,1.3541896542705247,1.3345296769733088,0.8535553573932209,0.0,0.2666872076155984,0.9730173399727864,0.13129927157460197,0.885734999686985,1.3742915995082396,1.4292793138627808,1.5013963327593365,1.4210619589492057,1.4281253273816263,0.6811482273090548,0.8283519897299781,1.2622891384963688,1.1667563157305463,1.11434791598684,0.5840725810081255,1.1865993220693751,0.7712762996903519,1.02332848431143,0.670758563467414,1.0096412339813272,0.9755078341577793,1.1696149902658999,0.9418993853541083,0.3843917700189107,1.020899452256771,1.325896780481857,0.7861711141362978,1.154811943977128,1.0365975696174543,0.5126755520021844,1.1579157957826163,1.080537805958911,0.40156988261250104,0.8426887811345735,1.1156165089347652,1.0403624449506492,0.884756336721885,0.5839191488236029,0.9561823104519535,0.577615885180339,0.7827658988416433,0.9006106438368406,0.8257888734953933,1.0035736035406269,1.0235102056878504,0.5606481432473012,0.51600384090527,0.885026901405173,1.0521990410191828,0.994040804682724,0.8807223095610928
C3_Hackathon_24h,1.2277988263084265,1.2539584083672137,1.212380443536501,1.2081094435688742,1.2215111616482228,1.2379390706966258,1.2551351861558535,0.887829593432502,0.2666872076155984,0.0,1.1919336116133288,0.32741956979238396,1.1440567550538654,1.245978145697193,1.2340961186043078,1.2583822893877372,1.2527465154234014,1.2445479788804013,0.6404682246287821,0.6717676172441778,1.1511939574608392,1.0064685236007183,0.9718339463540077,0.4122326752400419,1.0435527594519598,1.31262016854511,1.01588518812125,0.8247881574845435,0.9894785160516563,0.9778586810525525,1.0918415640235293,0.9691267674623492,0.5766392638433543,1.037491024525646,1.166817471089167,1.3716409232543183,1.5435550037849484,1.02297866000816,0.7048718065724029,1.0720359876580317,1.0591698190977015,0.6303197585200269,0.8035266167964622,1.0333886008149786,0.9428149750413933,1.0284576663475264,0.8018021886798946,0.9452193639967288,0.7399939907884967,0.9130421474815742,1.0226049625418843,0.797070891805529,0.9690367451402649,0.9703541969447564,1.0472384286855905,0.7714313921163972,0.8028231550206403,1.0010933927422119,1.0096610077301416,0.8933193985543588
C4_Stadium_IngressEgress,1.1210010385839355,1.2001851891061581,1.0745202826868903,1.1204081028963304,1.1513439316579204,1.1524754966519521,1.1755766805185517,0.9967369746212419,0.9730173399727864,1.1919336116133288,0.0,0.9582047634406241,0.832268309283707,1.2215142491757287,1.167311677752135,1.242438425899146,1.14858679725549,1.1362660219570133,1.1599470522777675,1.2252619185393288,1.0815412068109038,1.2166606940419828,1.1432297238082585,1.1755592820400167,1.1913133860636411,0.8553585441091441,1.1963814957680332,1.166029224046489,1.0572877785187513,1.0527817824114414,1.0555378919500735,1.0506180283260669,1.1072494548596217,0.6227620253808164,1.1392351072851312,0.7835796928256246,0.7310481988303462,0.8421419168720423,1.0834067469466384,1.077417800784499,0.9700443275571321,1.022640218231265,1.0876067340788742,1.053176816676764,1.1148549158533594,1.1418992225467752,1.0786597569582435,1.0587496837960797,1.0944481584652304,1.0448733374339814,1.1682331778621444,1.0444031017850157,1.044196964829722,0.7653674389062854,0.9367646236553958,1.1538219683147868,1.0736879774773689,0.7871025638735931,0.14398638938776354,1.1050385809388519
C5_Library_Quiet,1.39495623912242,1.3870364609633885,1.370550143702702,1.4303456359456843,1.3758649464973864,1.3426279488639257,1.3594955181639667,0.8141538296282829,0.13129927157460197,0.32741956979238396,0.9582047634406241,0.0,0.8129009604166247,1.243203834627346,1.3444208908213027,1.3711182667435629,1.3965919840023115,1.3639675995003508,0.6342794107805803,0.7327916493890643,1.1867369737600986,1.1064673497490893,0.957580812400787,0.5405254721843816,1.0748820994203616,1.0082820573951972,0.95039919576816,0.9219046422889792,0.9618364475531714,0.9968963379815073,1.1123617217442114,1.0649891622215593,0.6372430720116463,1.1024557476046615,1.2281061895540135,1.0309881546291066,1.0795564200984187,1.1429683389816205,0.8622445372227824,1.1559326274172694,1.0023140186934676,0.7060446483758045,0.7861203543769322,0.9839860893552042,1.0008530469621735,0.8277260505229176,0.839232665417792,0.8586431243690937,0.8620019624908265,0.8835221398088788,0.7469372545678234,0.8083814134507025,0.9701095154499212,0.9516416449120421,0.8403990456862951,0.735155987964652,0.7697524140003806,1.0058748838358518,1.0240464448987545,0.8055827647460879
C6_EmergencyDrill_Evacuation,0.9875693974698058,1.0482330795374135,0.9720806447937346,0.9986560836021035,1.0111158828018663,1.0046057975296587,1.0082396458370515,0.8651317371688639,0.885734999686985,1.1440567550538654,0.832268309283707,0.8129009604166247,0.0,1.0214457225311286,0.9797959188269237,1.0310912380839194,0.9922095548460756,0.982443634275376,1.263564634272176,1.288633199672989,0.9181918268170149,1.213293713662872,1.0865578557406912,1.2170662746064083,1.1026772447199682,0.9764884090797732,1.1283959168727589,1.2552398213525173,1.0653546444665813,0.8371541854833378,1.0571382935229579,1.0692532345667447,1.2563433796226064,1.0717650115747395,1.0298218468972176,0.9118134127574623,0.8269150977587304,1.027949138732777,1.228336120810618,1.027006911650663,0.9558651964310784,1.184218659140358,1.2078930109601311,1.1104079941425395,1.0775416835955574,1.0953608219447566,1.170609606868661,1.0721484076639316,1.2187234243221718,1.0673860704350482,1.1062935471058315,1.1516728840470056,1.0726344329097417,1.1089278939910217,1.0737133118585642,1.2454637551106582,1.1892277349592308,1.0810279029658298,1.095605463805719,1.17579417882481
V1_TaxiLow_HelsinkiMedium,0.8982728623508134,0.7478690828411301,0.9931699007503473,0.9462848474162168,0.8680041672030516,0.8345628483822712,0.7967730795366287,1.1640883001948357,1.3742915995082396,1.245978145697193,1.2215142491757287,1.243203834627346,1.0214457225311286,1.1102230246251565e-16,0.10427682209578648,0.5381749588017168,0.8420664232944578,0.8498817301201077,1.2606758071192707,1.1359924171755706,0.609527600928425,0.9735040563857498,0.9868839604847218,1.1567856734475712,0.27915289728884585,1.1490729305826601,0.8515678192418052,1.122786009772511,1.028924978878014,1.1069163037929464,1.2157684260596042,1.272391620477786,1.341685902681577,1.129440989362025,0.32693530143886074,1.2109246127829252,1.1038409395036695,1.1902416455811151,1.360819482915509,1.216404904150349,1.1956258428983508,1.4323138081905817,1.317290558168577,1.2931163164302788,1.0987183912457037,0.8340118877471222,1.1284006670756412,1.15444898362972,1.2190984925345083,1.2079979308529099,0.756543630668338,1.210352223748667,1.0764136833658062,1.129208123230649,1.1987047939778857,1.210999414553029,1.3006742997240233,1.1080891133837816,1.1122532351192351,1.0766757261298776
V2_TaxiHigh_HelsinkiMedium,0.7315680093728263,0.6923353964633662,0.8869795174737514,0.7335381664573878,0.7756830374862139,0.7713803074910792,0.7768116503668273,1.1693500685029876,1.4292793138627808,1.2340961186043078,1.167311677752135,1.3444208908213027,0.9797959188269237,0.10427682209578648,3.3306690738754696e-16,0.4882804940059584,0.734649146530243,0.7444269267184459,1.3477744125585644,1.21759352701307,0.4580724818098596,1.0152605490245705,1.0187476287060688,1.2285088717148134,0.3251938486911258,1.1944873901018174,1.0663078000321224,1.2625690237012672,1.0743503076053103,1.0777739028961046,1.1676472039855206,1.2567215211321137,1.350712648503148,1.121548817607957,0.29242794251187787,1.1994494202175385,1.0689057636953878,1.1689659765212022,1.3433441714433,1.156240798038114,1.079371068663232,1.383902107611493,1.3515957981626123,1.202283299735037,1.1169625285140254,1.2030937395534258,1.2127006128651225,1.07214233813773,1.2699072946694805,1.1162270329695618,1.147513870588787,1.2122092024326303,1.068893689259905,1.142748784489357,1.3509898735680914,1.3508820898933525,1.2133107513371386,1.116633107509788,1.1571649923549419,1.258937096658528
V3_BusOnlyCarriers_HelsinkiMedium,0.4987555569746084,0.41998775783001285,0.8040648601375054,0.4913109984723961,0.5546968088600772,0.5573994418317626,0.5578012571198439,1.2173276322093558,1.5013963327593365,1.2583822893877372,1.242438425899146,1.3711182667435629,1.0310912380839194,0.5381749588017168,0.4882804940059584,3.3306690738754696e-16,0.4964095251091857,0.5213910420558672,1.2811796254792984,1.1206843479890265,0.5793557895435968,0.9290182943231468,0.8988827931348249,1.1765120955491861,0.7669165117758102,1.1819934600850988,1.051541772465028,1.2542427588286642,1.0641989129209588,1.1121967162640294,1.1914431536088985,1.315613506072526,1.4220118682279383,1.1534963829007077,0.8682425272284917,1.2668618658381157,1.1393668964142056,1.2253533227052,1.3713124548839661,1.197114393114701,1.2374484560672774,1.4393732734376659,1.4189019563673184,1.2936247921821216,0.9762911794402045,1.2375065892353796,1.2008592680500962,1.0518090327241705,1.24416856910929,1.1359965385302753,1.125730086195573,1.175873878708825,1.0777803191012494,1.145104205371362,1.3894964985071008,1.3646189238890165,1.171310422218466,1.1281918906405128,1.1881060765827895,1.2678940347175354
V4_CarOwnership_0_HelsinkiMedium,0.2964518834532034,0.4815865654376382,0.261674412103412,0.19590381935844092,0.22517280114008087,0.47148296723426564,0.3005094286020574,1.19208571531489,1.4210619589492057,1.2527465154234014,1.14858679725549,1.3965919840023115,0.9922095548460756,0.8420664232944578,0.734649146530243,0.4964095251091857,-2.220446049250313e-16,0.3367797513918681,1.555086653126603,1.3889269197623018,0.8041006782921609,1.1270064795062362,1.0637241060382734,1.357876082479922,1.0912338847836602,1.2905817316323285,1.1703809502355569,1.2796792916007738,1.1335842216659122,1.1625924142087318,1.084444920739835,1.2374949039164873,1.3261815056527628,1.1295047934656253,0.9166123454139213,1.2017899257791116,1.0790080071495984,1.1386583655022728,1.3445833942423844,0.9629205276402949,1.0680872285224263,1.3652651060171903,1.3857073300707332,1.1423136142711499,1.0457078291188808,1.2635971734151767,1.3053955425523658,1.1974024316440162,1.3260977287379871,1.1869704059152892,1.2927284521429478,1.3767395122835187,1.1337708388953025,1.221452075345561,1.360927072128358,1.4374258664427813,1.4053071933763315,1.169617331171845,1.1843367604623938,1.3533943027390256
V5_CarOwnership_100_HelsinkiMedium,0.366712488858857,0.5425893427098669,0.3659724311807797,0.3284700399924574,0.4470802925837317,0.4430627030143858,0.3732014219375194,1.1606420399080428,1.4281253273816263,1.2445479788804013,1.1362660219570133,1.3639675995003508,0.982443634275376,0.8498817301201077,0.7444269267184459,0.5213910420558672,0.3367797513918681,0.0,1.4670639763560378,1.33067805135784,0.7977605634571511,1.1030315408400215,1.0491282867720462,1.3112064885675818,1.071116800319037,1.318500899043812,1.140250186971083,1.3499684286342355,1.1146787156752627,1.1249643771229243,1.0575928387448763,1.1874691534965796,1.3816580585129818,1.1443434257682406,0.909552604118105,1.239009815234421,1.0590876754731946,1.1008043575576976,1.4017881759540858,0.9450578600055226,1.0233856714213998,1.4146381353504287,1.329038590354729,1.0887161457216514,1.0322473048073648,1.2262262222510598,1.3744758986581713,1.1164522545047246,1.3921595964674744,1.1579471781752482,1.2477259791285047,1.334043095769507,1.0996009243880684,1.1862716187124287,1.4137803523710128,1.4713258539699092,1.3254983653724552,1.1447334153291346,1.183171482640696,1.3181294668573356
R10_TinyRange_5m,1.4687114784738975,1.3263976328295735,1.6998851669533908,1.5589719970174827,1.6118708695856454,1.525783427917085,1.6178068402563113,0.8596491938889235,0.6811482273090548,0.6404682246287821,1.1599470522777675,0.6342794107805803,1.263564634272176,1.2606758071192707,1.3477744125585644,1.2811796254792984,1.555086653126603,1.4670639763560378,1.1102230246251565e-16,0.21843278304406244,1.1612678257676707,0.5692750466132834,1.0539532506169884,0.3900273724178037,0.8955951586546266,0.7711778371028977,0.8866099097324615,0.7066167939403287,0.8782845934790324,0.9541169612808998,1.0747581972851206,0.710907845050161,0.7256534323096588,1.1950508440192338,1.1775476196694588,0.9452049270296462,0.9232903253119741,0.9269627034682757,0.6074755165173414,1.1488547532937956,0.8471672955743043,0.6827763485692477,0.26824635495079774,0.6965114527814393,1.0680831067166012,0.6824868987955868,0.769447438134408,0.6821389474042876,0.6330810951619665,0.8675339045882315,0.6977829903775123,0.2806582165471705,0.8942160811346674,0.7958731752573114,0.7368694484710724,0.662223517065304,0.23492552801782407,0.9400624898962991,1.0949675828178276,0.3754321302368989
R11_SpeedExtremeLow,1.3259753779817764,1.0297827081547994,1.5399092496757139,1.3950914404626873,1.448053151260638,1.374797169145269,1.4463189012924695,0.9625391900524898,0.8283519897299781,0.6717676172441778,1.2252619185393288,0.7327916493890643,1.288633199672989,1.1359924171755706,1.21759352701307,1.1206843479890265,1.3889269197623018,1.33067805135784,0.21843278304406244,1.1102230246251565e-16,1.3095846616496223,0.1658634489940467,0.9527367529296717,0.205801218026627,0.7749660955200078,0.8597186448174737,0.6567164676678676,0.6011276582965448,0.9148898577031127,0.9322706910894234,1.1580911718726805,0.9931710747960756,0.7115505675333533,1.2044292584261882,1.0440315114244765,1.0860462372910924,1.0309025959160723,1.1375316127515445,0.7189298988110071,1.161683556805825,1.2034453786350958,0.9141115227154579,0.5031503043976298,0.8884045451647384,1.0363116952616314,0.9015905129751736,0.978720104381137,0.7772109325051991,0.7256132405329856,0.9918975635040771,0.8745352244619831,0.62920575012809,0.9061564647112202,0.8656375619691992,0.9363161303901634,0.8285506001276437,0.49658519079251695,0.9692377771570987,1.0913124127570633,0.6378573277544947
R12_SpeedExtremeHigh,0.7884052037847129,0.880113280131323,0.9389921920416441,0.8054466942645393,0.8538310496351483,0.8399557971030616,0.8592453820483494,1.028391332143725,1.2622891384963688,1.1511939574608392,1.0815412068109038,1.1867369737600986,0.9181918268170149,0.609527600928425,0.4580724818098596,0.5793557895435968,0.8041006782921609,0.7977605634571511,1.1612678257676707,1.3095846616496223,-2.220446049250313e-16,1.2791839211680402,1.1616806549920247,1.2898867369378444,1.0882528411414538,1.134540873832315,1.1942521479401464,1.2943796678233306,1.0184621380755423,0.9936469783055205,1.0168301374820277,1.1245627326095526,1.2057189733659366,1.0811528759745068,1.0799935700355043,1.0511135100556577,0.8598878603949512,1.201025360819539,1.229749938269097,1.2668298139793417,0.6139540688260174,1.1308475244915472,1.050777003989706,0.8270629111519182,1.2141259984983732,1.0591020156771893,0.9797656806833237,0.9464381960786278,1.1658355978134307,0.983098740049416,0.9759174456081622,0.897241812366951,1.0441514477329998,1.0280838111150805,1.1873421563646247,1.1186915691435397,0.8872105303098687,1.05808220273321,1.133305691878368,0.9864224466373688
R1_Rural_RandomWaypoint,1.092775068520724,0.7466176959305287,1.2394714642996756,1.1258577641405108,1.1686440104378804,1.1249477784450779,1.1629614619558823,1.120476022559827,1.1667563157305463,1.0064685236007183,1.2166606940419828,1.1064673497490893,1.213293713662872,0.9735040563857498,1.0152605490245705,0.9290182943231468,1.1270064795062362,1.1030315408400215,0.5692750466132834,0.1658634489940467,1.2791839211680402,-6.661338147750939e-16,1.0643531979036218,0.5014387734933776,0.7856618057059099,0.8520364542037602,0.6255670956694411,0.5873670268734694,0.9764147908477964,0.9950275595870275,1.1545087460637171,0.9865401024799282,0.9141643278282701,1.1483279347203341,0.929742182018849,1.0682637768650853,1.0629820819879252,1.073335321069565,0.8158722556491063,1.081323997610942,1.3410151910796875,1.1710029214780902,0.782039861405737,1.040710781162183,1.070369444566322,0.9867135176882686,1.1517005084754963,0.9208941645803191,0.8498577446615405,1.0738952048757984,1.0548392126583623,0.9420856676430871,0.97307658127591,0.9716371180431614,1.0552753018043182,1.0518708358795492,0.852965800569863,1.0141031434665717,1.0805518068600732,0.877970653799929
R2_VillagesTrails_ThreeClusters,1.043500340716783,1.0187756685830232,1.1660250855980823,1.0748647442683565,1.1113569035751243,1.0801567058630634,1.1137293565123163,1.0476033507347637,1.11434791598684,0.9718339463540077,1.1432297238082585,0.957580812400787,1.0865578557406912,0.9868839604847218,1.0187476287060688,0.8988827931348249,1.0637241060382734,1.0491282867720462,1.0539532506169884,0.9527367529296717,1.1616806549920247,1.0643531979036218,-2.220446049250313e-16,0.9320753913618299,0.7917645351804712,1.2692042223720734,1.0422383427031736,1.1822286424175312,1.0042943352851519,1.0285158437178354,0.42110210864362296,0.8912384308638073,1.0459091078199532,1.1423662825625365,0.8537033113542617,1.2934622116269892,1.0968904496296883,0.8779295658068557,1.2350442022566746,0.41576415655598553,1.1667479651921164,1.096511764333448,1.086179442922342,0.9829577302656466,0.4184965052951075,1.2147635228163358,1.1061624813542104,0.9472282422219316,1.134870144040551,1.0770628762263055,1.0237244107065495,1.0327481280866677,0.9893343065333952,1.015892469795203,1.250847786141675,1.1048023795972741,0.9051523398427098,1.0439593864338181,1.1123307298271947,1.0788566165156215
R3_WildlifeTracking,1.31065194156912,1.1158469978139725,1.4593647205699647,1.3631504622005757,1.3908319417607558,1.3387395676918392,1.388523124101739,0.6262585823107327,0.5840725810081255,0.4122326752400419,1.1755592820400167,0.5405254721843816,1.2170662746064083,1.1567856734475712,1.2285088717148134,1.1765120955491861,1.357876082479922,1.3112064885675818,0.3900273724178037,0.205801218026627,1.2898867369378444,0.5014387734933776,0.9320753913618299,-2.220446049250313e-16,0.8529060466444668,0.9664718671864476,0.7399545574395394,0.7985694533487464,0.9579081033011961,0.9677624301094938,1.1871070195725912,1.0176299429761617,0.7440804105691866,1.1707257809960716,1.1128248189948593,1.1465216440706127,1.153948499183755,1.1072761795392456,0.8550911886156708,1.1533463029685824,1.2793395301016453,0.916059677919703,0.7125209731387963,1.0804521547293098,0.9493213731337926,0.9665076209180428,1.031212698747933,0.8692503712342835,0.8312540959573361,1.0229856589634243,0.9018498512800195,0.81650000169564,0.8882535791151189,0.9455483065550463,0.9549499991406206,0.8571975761625024,0.7145514358894621,0.9944762907040015,1.0785024435667119,0.8512246523703331
R4_ParkRangers_HelsinkiMedium,1.0654523226737196,0.9056954108382538,1.2891719457471114,1.0964428385786338,1.1311396666255682,1.0986250489641083,1.1316234831603367,1.0502329382185878,1.1865993220693751,1.0435527594519598,1.1913133860636411,1.0748820994203616,1.1026772447199682,0.27915289728884585,0.3251938486911258,0.7669165117758102,1.0912338847836602,1.071116800319037,0.8955951586546266,0.7749660955200078,1.0882528411414538,0.7856618057059099,0.7917645351804712,0.8529060466444668,0.0,1.0715678777880164,0.929710662061934,1.026377796404035,0.9959237842626895,1.0241051701946562,1.22329807139535,1.2506435658047215,1.1212853694429894,1.1529470360475818,0.15141489184879597,1.210389821779146,1.1467150545914875,1.1633743823580782,1.1165928986194682,1.1415616059640412,1.297971850610255,1.1568691806607339,1.0972040160585645,1.2283973623532598,0.9918802338731177,1.1165544348844345,1.0648774429227235,0.9518005314223601,1.021054537566954,1.0676731627508023,0.9955628607617938,0.970184262933399,0.9886709701412687,1.023386218827893,1.1661065734615526,1.0865940445394127,0.9150464188841702,1.0459353102086184,1.1093740537887395,1.041882227087242
R5_MountainRescue,1.3050267933940414,1.1953964608912022,1.2284906334195662,1.2298333512324833,1.1781632270647202,1.241416353759612,1.2147464301721498,1.0919209074855618,0.7712762996903519,1.31262016854511,0.8553585441091441,1.0082820573951972,0.9764884090797732,1.1490729305826601,1.1944873901018174,1.1819934600850988,1.2905817316323285,1.318500899043812,0.7711778371028977,0.8597186448174737,1.134540873832315,0.8520364542037602,1.2692042223720734,0.9664718671864476,1.0715678777880164,0.0,0.9958076932380487,0.48831173918565907,1.0152412245699873,1.0409915483242724,1.1891569004398483,0.8837273483717354,0.6187609099305893,0.9777724238968096,1.2211061984730656,0.06551300725837195,0.4646402652215146,1.008036588476629,0.4169172014039335,1.2595471052604625,1.1328798276524368,0.5465555084172133,0.9360169775508084,1.1784620465021678,1.1770724241598163,0.9167219468309491,0.4936650511183893,1.0341799960336846,0.4505176324000467,0.8265396927391025,0.987375114319567,0.7966471555547956,1.0914101223837387,1.046777292960984,0.18451622053115402,0.5387834153886912,0.9251656251312156,1.0730326936952101,1.0132750843475653,0.879918974196372
R6_SparseLongRange,1.2421808824076341,0.9757952509147888,1.2262629507325793,1.3329374736688624,1.192069428924964,1.122299347750871,1.0715178079715948,1.036616394584643,1.02332848431143,1.01588518812125,1.1963814957680332,0.95039919576816,1.1283959168727589,0.8515678192418052,1.0663078000321224,1.051541772465028,1.1703809502355569,1.140250186971083,0.8866099097324615,0.6567164676678676,1.1942521479401464,0.6255670956694411,1.0422383427031736,0.7399545574395394,0.929710662061934,0.9958076932380487,1.1102230246251565e-16,0.825562291194813,0.9654256538592957,0.3347231109931512,1.1538453091317353,1.079138138388203,1.0387726929625807,1.1185336204295115,1.0548136561555044,1.1395401289822018,1.1159191133874788,1.1247423353836485,1.0933356455320382,1.1460790772752114,1.2694745249633967,1.2364749303112965,0.9560665178432168,1.1356374631679635,1.0562077041103612,0.5857990661822983,1.1154036475701938,0.9777638624492576,1.100827861799478,1.0464173526545384,0.5164675613531564,1.1276973980762117,1.0107832730193107,1.0208498266641968,1.0197577647658094,0.8986368517613659,1.1507867394925426,1.033653564452189,1.0122082834219812,0.9063608929073897
R7_SparseTinyBuffer,1.3311908340206047,1.1566614970629188,1.0717511906303563,1.2459808094598666,1.1626930274899736,1.2665193642287558,1.1840046929644592,1.158970712758915,0.670758563467414,0.8247881574845435,1.166029224046489,0.9219046422889792,1.2552398213525173,1.122786009772511,1.2625690237012672,1.2542427588286642,1.2796792916007738,1.3499684286342355,0.7066167939403287,0.6011276582965448,1.2943796678233306,0.5873670268734694,1.1822286424175312,0.7985694533487464,1.026377796404035,0.48831173918565907,0.825562291194813,7.771561172376096e-16,0.984107712015552,1.030284112739276,1.2148179918326343,1.0317944511702977,0.3267006349544608,0.9926802590700553,1.1794702958818282,0.615818372097847,1.0137189859285056,1.1578969484110644,0.14532730675546635,1.240932074710818,1.2282500606289133,0.3790790650495406,0.6580617921641698,1.1050005859367906,1.179328416450931,0.7936202522562139,0.24223298951170824,1.4100009482697624,0.10719027398732817,1.184393493871611,0.9264908291573463,0.6534192961518213,0.9796352933396822,1.027485945322013,0.25763197157506657,0.3809811963191876,0.9546340040601655,1.0702548518146342,0.998389807049034,0.5433011513470202
R8_IntermittentPower,1.125625228926363,1.090157485887563,1.1642664951902104,1.1570681449388789,1.1513842145570414,1.1255055539499108,1.1392613425847458,1.0083971015241784,1.0096412339813272,0.9894785160516563,1.0572877785187513,0.9618364475531714,1.0653546444665813,1.028924978878014,1.0743503076053103,1.0641989129209588,1.1335842216659122,1.1146787156752627,0.8782845934790324,0.9148898577031127,1.0184621380755423,0.9764147908477964,1.0042943352851519,0.9579081033011961,0.9959237842626895,1.0152412245699873,0.9654256538592957,0.984107712015552,0.0,0.9905675580168732,1.0315131727069227,1.037747887053533,0.9968416746991831,1.0607430508995361,1.0515879908097667,1.038896887374108,0.9794956710480428,1.080956858353859,1.0025318110015211,1.0899902604940412,0.9667605224865804,0.9891276338086457,0.8951226317002576,0.9494535202292702,1.049148819575417,0.9207375353100719,0.9627414048237839,0.965981151234679,0.9746508957230849,1.0161199084589436,0.8883929924896838,0.8852599609174095,0.9807381757406933,0.9714241799804649,0.9878606290019255,0.9554253517836181,0.8797565386266788,1.0013097576526124,1.0350289052758737,0.8733934240257897
R9_ExtremeRange_200m,1.1488290753195038,1.120026433784508,1.2143441915677888,1.1919423760749326,1.2168023919428923,1.1917825252930239,1.195426017698403,0.9548637030823935,0.9755078341577793,0.9778586810525525,1.0527817824114414,0.9968963379815073,0.8371541854833378,1.1069163037929464,1.0777739028961046,1.1121967162640294,1.1625924142087318,1.1249643771229243,0.9541169612808998,0.9322706910894234,0.9936469783055205,0.9950275595870275,1.0285158437178354,0.9677624301094938,1.0241051701946562,1.0409915483242724,0.3347231109931512,1.030284112739276,0.9905675580168732,0.0,1.0522145304063855,1.0588147554218525,1.0499158035135754,1.0885108367507819,1.0817090986698294,1.090779865607862,1.0002463378120838,1.1107200076152104,1.0032688377391348,1.1176777573268495,0.9625746386262448,0.9918974088968187,0.8775865933559474,0.9459149045950939,1.074430344160393,1.0245933719814575,1.00973054005494,0.9385945924214172,1.0491665307160134,0.9744865879803667,0.9416782263738133,0.8838904626689192,0.9832258548489541,0.9854808221894544,1.0873476238637694,0.9590682073150558,0.8901624824738299,1.0153389592104478,1.0586098766114536,0.9642731600259741
D1_ShelterHotspots_Clusters,1.0537568530988919,1.1558972397081138,1.0075245789120457,1.088601132699773,1.1258855005608865,1.0928888298196844,1.1298396184804238,1.0261111479577145,1.1696149902658999,1.0918415640235293,1.0555378919500735,1.1123617217442114,1.0571382935229579,1.2157684260596042,1.1676472039855206,1.1914431536088985,1.084444920739835,1.0575928387448763,1.0747581972851206,1.1580911718726805,1.0168301374820277,1.1545087460637171,0.42110210864362296,1.1871070195725912,1.22329807139535,1.1891569004398483,1.1538453091317353,1.2148179918326343,1.0315131727069227,1.0522145304063855,2.220446049250313e-16,0.4761123815620226,1.1475343781860097,1.081752320320656,1.0112395328726689,1.083564573542256,0.8824614030798179,0.6490307520611931,1.1508000332470634,0.2021335392985959,0.7054061323606163,1.0809508944659139,0.8960884708503251,0.598194633518438,0.357431972278054,1.0359806643495821,1.1424982963578008,0.9574798124587325,1.17856255839787,1.0226611210477636,1.0563165764205698,0.9644229323898884,1.0430320456724593,1.0262736022086207,1.162049211891262,1.1543933569205338,0.9181091602326865,1.0554980844152893,1.1284753222905748,0.9584403194308382
D2_PartitionedCity_MuleBridge,1.1917916722037618,1.2389595202788068,1.168323933176504,1.2277565946654723,1.2441101799638141,1.21413483168006,1.2476697832770034,0.9463467165313836,0.9418993853541083,0.9691267674623492,1.0506180283260669,1.0649891622215593,1.0692532345667447,1.272391620477786,1.2567215211321137,1.315613506072526,1.2374949039164873,1.1874691534965796,0.710907845050161,0.9931710747960756,1.1245627326095526,0.9865401024799282,0.8912384308638073,1.0176299429761617,1.2506435658047215,0.8837273483717354,1.079138138388203,1.0317944511702977,1.037747887053533,1.0588147554218525,0.4761123815620226,0.0,1.1849001417948097,1.0900475878527747,1.1809941836906668,0.9041123982256831,1.0180232662049804,0.23870026396249833,0.8684659357932248,0.4267146979998854,0.8563759178777388,1.0166856637219948,0.7746084858530766,0.9014500496361503,0.7150329264015916,0.7221950711277056,1.098696793450589,0.9886322477252231,0.9978631233820917,0.9803494582880554,0.9914729330901724,0.7978068362743771,1.0257544786605959,1.0538605480866563,0.8922187915634312,1.117313310347958,0.9684868978984559,1.0609653904418002,1.1108126611984566,0.8288692762146366
D3_Aftershock_ErraticMobility,1.3613449796458221,1.3462474117938685,1.099369197698872,1.241028652072499,1.1661658863899245,1.2578737521524639,1.2220672046030776,1.0731771681730207,0.3843917700189107,0.5766392638433543,1.1072494548596217,0.6372430720116463,1.2563433796226064,1.341685902681577,1.350712648503148,1.4220118682279383,1.3261815056527628,1.3816580585129818,0.7256534323096588,0.7115505675333533,1.2057189733659366,0.9141643278282701,1.0459091078199532,0.7440804105691866,1.1212853694429894,0.6187609099305893,1.0387726929625807,0.3267006349544608,0.9968416746991831,1.0499158035135754,1.1475343781860097,1.1849001417948097,2.220446049250313e-16,0.9715329589511662,1.2222191461702259,0.6025399206986806,1.0465980428116397,1.2989409045671736,0.22473235260122526,1.1987983004595126,1.0227378985827267,0.1303707147166958,0.7483634166519046,0.8866403931487382,1.1490561801474062,1.0593893295702135,0.316499578435802,0.8688386133667171,0.3018083008836693,0.6257400982228583,0.9944583186259695,0.8245391738388533,1.0187921237325543,0.9785060007801211,0.4164936927194075,0.1843225599276167,0.7169400769196131,1.049781323689177,0.9651762466064181,0.8572718881982322
