,U1_CBD_Commuting_HelsinkiMedium,U5_SparseSuburb_HelsinkiMedium,U7_MicroMobility_HelsinkiMedium,U8_CongestionHotspot_HelsinkiMedium,U9_WorkdayShort_HelsinkiMedium,U11_OfficeWaitHeavyTail_HelsinkiMedium,U12_HighTimeVariance_HelsinkiMedium,C1_Campus_ClassChange,C2_ExamDay_LongStays,C3_Hackathon_24h,C4_Stadium_IngressEgress,C7_Library_Quiet,C8_EmergencyDrill_Evacuation,V1_TaxiLow_HelsinkiMedium,V2_TaxiHigh_HelsinkiMedium,V3_BusOnlyCarriers_HelsinkiMedium,V6_CarOwnership_0_HelsinkiMedium,V7_CarOwnership_100_HelsinkiMedium,R10_TinyRange_5m,R11_SpeedExtremeLow,R12_SpeedExtremeHigh,R1_Rural_RandomWaypoint,R2_VillagesTrails_ThreeClusters,R3_WildlifeTracking,R4_ParkRangers_HelsinkiMedium,R5_MountainRescue,R6_SparseLongRange,R7_SparseTinyBuffer,R8_IntermittentPower,R9_ExtremeRange_200m,D1_ShelterHotspots_Clusters,D2_PartitionedCity_MuleBridge,D3_Aftershock_ErraticMobility,D4_MedicalTriage_TwoClasses,D5_UAVMule_FastRoute_HelsinkiMedium,D6_ShortTtlCritical_5to10min,D7_HighLoad_TrafficStorm,D8_InfrastructureReturns_BackboneLinks,D9_Critical_1minTTL,S1_StrongCommunities_SeparateClusters,S2_WeakCommunities_HighMixing,S3_PeriodicMeetings_RegularRhythm,S4_RandomMixing_NoHotspots,S5_TwoLayer_StudentsStaff,S6_FamilyGroups_SmallPersistent,T10_HighRateLowSpeed_Congestion,T11_TTL_1min,T12_TTL_Infinite_Buffer200M,T13_Buffer_256k,T14_Buffer_200M,T15_TransmitSpeed_256k,T1_ManySmallMsgs_HighRate,T2_FewHugeMsgs_LowRate,T3_MixedBimodal_SmallAndLarge,T4_VeryShortTtl_5to10min,T5_VeryLongTtl_6to24h,T6_UniformSources_RandomFromTo,T7_TargetedToHubs_FewDestinations,T8_BurstTraffic_TimeWindows,T9_BufferStress_SmallBufferHighTraffic
U1_CBD_Commuting_HelsinkiMedium,0.0,5.737685772952896,4.956113153650735,3.3818674626240917,4.69741968045101,5.577867668899625,5.330893097433338,10.083729830982378,8.212648951014256,10.278092689121276,10.575305574679547,8.184783424759404,14.114444050507597,7.6530361898351735,6.961476801652172,5.016406193425501,4.283157642964062,4.825560904779235,6.866392105177394,6.955309058490987,6.0694917729938,7.663693386756446,7.248606046434187,8.160459210331483,7.546289883932113,7.530933538531503,10.21299845418046,7.043686529833498,10.163738755046296,8.881492772123195,7.0184890435912415,8.7439945445542,6.823809850082826,10.063030126971967,6.733380029961754,7.16850438122494,6.545517526865372,9.103282003944907,6.912212966507628,6.9887339500899746,6.0484000912634945,6.907269384807781,6.398186740788055,5.993308194130348,9.803017063171339,8.466695281851948,6.981172461850436,8.026918473543786,7.06973096129891,8.30329828230419,8.185882186095833,6.649651135053497,10.166478884355744,7.601535827642196,7.312137713184169,6.858112505203454,6.396999248784583,9.326199009722824,10.25662889036491,6.645687649218017
U5_SparseSuburb_HelsinkiMedium,5.737685772952896,0.0,7.430456037154998,6.5655369836846145,6.532589156033319,5.9626364256957265,6.456944709773775,11.108337985718153,9.353246436911506,11.232616663525034,11.705330614713901,9.184922515943898,14.952506377827344,7.77706767553871,7.761063148969157,5.532835735920452,6.393872568364726,6.508348336906916,7.688811256790321,7.275352350863068,7.340909795014473,7.117110052383097,8.087217613575998,8.456131755995738,7.916137976872773,8.224266188116081,9.767176522923215,7.656671228715047,10.755820827719278,9.615399125044787,8.31391174038079,9.819075447815505,7.86493595824189,10.858609391825667,7.609629956236438,8.246340984567702,7.809418648511402,10.19821774279131,7.9254186740281645,8.376276259710915,7.6670348626533205,8.203768486139598,7.578397730184226,7.379917475228043,10.50417939477998,9.028055756547987,8.048766221345323,8.776129546564954,7.981302877766243,9.190054887086403,8.676186724481266,7.824338139797922,10.866123464723225,8.508624176782073,8.30904861484588,7.826380728097237,7.532790248390012,10.079463117488999,10.893014374376746,7.696590911606643
U7_MicroMobility_HelsinkiMedium,4.956113153650735,7.430456037154998,0.0,3.8365206051273795,4.155241216953363,5.185648901092878,4.204065066009476,10.472846801799282,8.17287407860674,10.59920798201929,10.694692006638817,8.60720243553317,14.199976077125733,8.551904830241048,8.059830259518327,6.84660704915976,4.283338860744705,5.180845485623771,7.8900352245650645,8.15293007942835,7.026920251408867,8.991578379793829,8.219097999898946,9.274353743136746,8.893696853738696,7.891640487778717,10.774774231193428,7.093563445730611,10.762101697190186,9.608386121027028,7.372254314254645,9.047013618564755,6.89084841295898,10.11338381810313,7.461762266736642,7.150253089069249,6.973824689043664,9.29518322118738,7.049469162703199,6.953387177610529,6.400129435864397,6.989997666850944,6.95583527894429,6.501539682691588,10.44827733542682,8.37455795539036,7.093193949009847,9.4356848621235,7.266073414480528,9.06429889819931,8.508807326568641,7.490788707672619,10.94838084052211,8.376683801841073,7.152899598779362,7.1006606022827,7.471298869540587,9.971974157707415,10.447331848712277,7.128468315906661
U8_CongestionHotspot_HelsinkiMedium,3.3818674626240917,6.5655369836846145,3.8365206051273795,0.0,3.45075086712782,4.94962908378881,4.03940252267972,9.773188119622729,7.494909141672302,9.75549946193856,10.18553622536295,7.752081051997937,13.890779600040126,7.626569127785811,6.672973719891566,4.781119555772547,3.268155961956447,4.52264269740049,6.552241636945455,6.873341578489298,5.614609255624058,7.895791746786485,7.0355211867337974,8.061663872303432,7.374357138813368,6.910594810473301,10.45131318839194,6.544573456553362,9.986088186153177,8.682111521516534,6.695474820030168,8.33328327539752,6.161984355957056,9.579826641805786,6.5675740336188255,6.459944423481385,6.226235919327649,8.709485607317442,6.19120481895153,6.7106593259899325,5.579624085284901,6.08385818053131,6.0648546301795605,5.640554530945234,9.591762864429587,8.344360360385105,6.220431608191401,7.7385862734403394,6.378366277305162,7.650494400671131,8.06688622237937,6.204638709578243,9.965873089654103,7.326204679827956,6.631512405254219,6.228771942165762,5.9968202700225195,9.103345059279672,9.915021438573431,6.337103255741709
U9_WorkdayShort_HelsinkiMedium,4.69741968045101,6.532589156033319,4.155241216953363,3.45075086712782,0.0,4.674278219634069,4.161493439389101,10.05846285266771,7.585421147805087,10.040386008793524,10.518603979602213,7.876374646994941,14.098540047539075,7.417289652297988,7.001930965941772,5.164753228438702,3.599159602618946,5.2792851315783205,6.8973801725423,7.117525319085483,6.046594364612002,7.994847205238415,7.316438980988855,8.287751376815407,7.63629655542111,6.9915617360099604,9.984023638689436,6.518063607809388,10.12586335452382,8.96707038651848,7.03629216954008,8.683476734530435,6.227362605949797,9.64072494327706,6.84943823531035,6.5614070935438695,6.592586510481154,9.045119066322794,6.43158512326221,7.037130825961989,6.019001650205535,6.358494104077979,6.449962426766902,6.030526085359604,9.826179438277693,7.889416856267291,6.357101351047964,7.9605762498678825,6.5952324219346385,7.676181428539282,7.613590637055031,6.754854756659315,10.192931716318766,7.630196799863602,6.629121977003735,6.219210114208115,6.50964050156229,9.349801846015207,9.889770783184872,6.593538220039796
U11_OfficeWaitHeavyTail_HelsinkiMedium,5.577867668899625,5.9626364256957265,5.185648901092878,4.94962908378881,4.674278219634069,0.0,4.25962253643021,10.252947666994665,8.077786513891766,10.400812349292407,10.787034554988795,8.140657251432604,14.235081781784405,7.510205539405945,7.230987791806447,5.437195482310996,5.41174244645912,5.413734978519777,7.129468555608867,7.300250181532665,6.329783629337377,8.096315227206318,7.523223691857737,8.450954357805841,7.827524939242553,7.510977873690685,9.9321359165075,7.101484977279214,10.271378721063838,9.169682064033442,7.26718987182157,8.901535116888859,6.782781185637645,10.016407082623159,7.054570383781119,7.1127659025706595,6.871685807653381,9.253966127197593,7.064888986522219,7.259737136220103,6.305290789545035,6.986135984789521,6.747976269758027,6.2940267870996,9.98987160912706,7.936853893099347,7.000226279644118,7.919233026834851,7.245440587206236,7.908425143191691,7.616154356429749,7.1127538058292945,10.441421177345534,7.837749847516135,7.216347591740324,6.707115171915802,6.782077098775655,9.521816760778444,10.149368610459273,6.895520311439522
U12_HighTimeVariance_HelsinkiMedium,5.330893097433338,6.456944709773775,4.204065066009476,4.03940252267972,4.161493439389101,4.25962253643021,0.0,10.083670020774951,7.6943143117422705,10.205087819535155,10.648187343868175,7.865306952306552,14.099258263364586,7.117111091889605,7.031480375045147,5.185523602534552,4.17588921937021,4.824431056191472,6.93576269045142,7.118505279264969,6.099072586108738,7.9490980996144005,7.3388668990648105,8.28979174631677,7.652220511244026,7.118236698118242,9.487816379103178,6.579993909964056,10.093160557758955,8.905955665917084,7.074783796738535,8.736620896829427,6.366791012192304,9.738100688862092,6.863516902049763,6.706414055004602,6.630320633057877,9.096176726682593,6.656272172094253,7.068230730713611,6.076314487755032,6.600324413631551,6.487248394603889,6.070404239878307,9.850715624486742,7.396113405958151,6.511209393188355,7.992707710348596,6.800394902073116,7.801538940556604,7.12587070683835,6.8887978306612885,10.213700083635928,7.662579271421066,6.692096348224014,6.258914951658946,6.63954571374179,9.376088588444594,9.87960344821167,6.550758468344588
C1_Campus_ClassChange,10.083729830982378,11.108337985718153,10.472846801799282,9.773188119622729,10.05846285266771,10.252947666994665,10.083670020774951,0.0,8.034181045063798,9.998515115858753,11.231387539546775,7.926281227057128,14.154919983007577,10.229706371115267,10.078242412866725,9.37749066033674,9.815450582680423,10.193705445691839,7.567746928221293,7.971923234249953,8.578736927581287,9.479354423708557,8.950859502864562,7.230853402264075,9.045399149608736,8.693083685226895,10.754281935269503,8.5113299612205,10.935991087000394,9.526665082813594,8.638457278990847,9.235861249203465,8.111931497624877,11.233394158012903,9.085746240373382,8.568260546868677,8.368452212432747,10.040783698851861,8.217179016438347,8.97458573669173,7.620263747988431,7.842998550262795,7.555880091552311,7.6463311722198455,11.134126901262894,8.866772322934882,8.128182923876492,8.795174875748907,8.195850772058701,9.10610231515593,8.332188634269313,7.881508221281416,9.588050053493761,8.74934667181563,8.051619819152664,7.5223949030219694,7.562486561549498,10.22191821488855,11.15913306001405,7.901392326396107
C2_ExamDay_LongStays,8.212648951014256,9.353246436911506,8.17287407860674,7.494909141672302,7.585421147805087,8.077786513891766,7.6943143117422705,8.034181045063798,0.0,5.259872541462107,9.180224850641016,2.1316329458626826,13.204116788925715,8.21367666861851,8.151359009276717,7.128249029969617,7.653001097193378,8.337955380518938,3.970997291227308,4.5632060919174435,6.303182795602159,6.8725425560331415,6.375858631553715,4.690811520121089,6.70222324720091,4.8210759891062125,8.517998277857417,4.175508821404634,8.87560198117239,7.299765303491605,6.173810501008491,6.830307767829015,3.2353761238023653,8.74339841411612,6.869000562917754,4.739368827062513,5.570439335574407,7.8883898180887755,3.6286265595237555,6.606700725696657,4.815347940309931,3.2674931486149608,4.21450398286635,4.6727854128994935,9.047368455276777,5.816735354604491,3.845711008680796,6.325889258638017,3.8865044728379967,5.88187274763264,5.528908883509419,4.348999561979857,8.980954721390594,5.966040625856446,3.842262843375051,3.5748400279889547,4.321537306121186,8.04779660242659,8.593262307919247,4.404523289456197
C3_Hackathon_24h,10.278092689121276,11.232616663525034,10.59920798201929,9.75549946193856,10.040386008793524,10.400812349292407,10.205087819535155,9.998515115858753,5.259872541462107,0.0,12.20736700296091,5.582872078132736,15.921942779679373,10.49839184413131,10.28231212470034,9.431176798776262,9.982101530036065,10.46357339784543,6.983812815464224,7.0883929249238395,8.901372965439847,8.963511946908733,8.584528211518762,6.069569487352351,8.938485309965914,9.279701399251495,10.579988402454813,7.5277598513207735,10.76876858798055,9.566491365820346,8.781502767325184,9.266545924269597,6.805418321173118,10.88405963452498,9.248969507135515,9.304035738195655,9.59433521078252,10.08307637571613,7.146593513441075,9.041067456881725,7.921267341864958,6.93335672032653,7.328900601521481,7.749320674424637,10.561572661162582,8.901550624034122,7.415926773212828,8.760377040101258,7.271378782232738,8.723433533622782,8.624903357830743,7.356107601947392,10.75983202630203,8.481401529058518,8.153275605379088,7.275288918223326,7.332611110888619,10.052689063175738,10.692984819888776,7.554433826168955
C4_Stadium_IngressEgress,10.575305574679547,11.705330614713901,10.694692006638817,10.18553622536295,10.518603979602213,10.787034554988795,10.648187343868175,11.231387539546775,9.180224850641016,12.20736700296091,0.0,9.173880602174348,14.246755977916228,11.15542537680738,10.774470000107266,10.187580509393033,10.353269940128307,10.746362435139806,8.961094594507982,9.377415889351303,9.469634847018101,10.52656786564681,9.99168435743417,10.165832926266164,10.298921045356792,8.618884067735868,12.168351248054515,9.274542969610689,11.771963281229208,10.623182715675785,9.446874351361853,10.365987790054735,8.94113156625358,8.942257281651322,9.941354367953732,8.310026364785477,8.093768804636516,9.820154438232182,8.95951543426707,9.83314880486098,8.57527111335228,8.776764602863057,8.711379855260498,8.640716167901846,12.138251930200715,10.113895144613899,8.972719633105095,9.982445096904408,9.089171808934294,10.035109219150106,9.929825736698254,8.779819233684846,11.79985957785705,8.429465077630693,8.674207024297116,8.911059044208262,8.710533587132394,9.537136144190843,4.341542278303762,8.856737642310737
C7_Library_Quiet,8.184783424759404,9.184922515943898,8.60720243553317,7.752081051997937,7.876374646994941,8.140657251432604,7.865306952306552,7.926281227057128,2.1316329458626826,5.582872078132736,9.173880602174348,0.0,12.923154688297391,7.924722389785507,8.053711444086353,6.92057598098143,7.733157490733997,8.241031574100885,3.9748018425199696,4.412650769883171,6.202090986408021,6.7841087713821855,5.974844303699557,4.56994707061932,6.4771759898381465,5.602163205510141,8.310133753186609,4.92194452700815,8.751343872695664,7.43539075889874,6.108317136051107,7.341051173286972,4.022112485317573,9.091901242658048,6.712790783956753,5.513277430061985,5.482493004443137,8.343529088391287,4.6485387662879925,6.692526885719761,4.766890419639727,4.2181356390082,4.219371185157209,4.5583893662832295,8.95799553626572,5.716540644245534,4.61429994164225,6.066725502657127,4.7662864896931625,6.30265942167323,5.108090495979633,4.414805849152558,8.908290420498748,5.82989775659543,4.73711342605313,4.164946746747328,4.203216029010105,7.948197797754937,8.756193882668846,4.352507554184682
C8_EmergencyDrill_Evacuation,14.114444050507597,14.952506377827344,14.199976077125733,13.890779600040126,14.098540047539075,14.235081781784405,14.099258263364586,14.154919983007577,13.204116788925715,15.921942779679373,14.246755977916228,12.923154688297391,0.0,14.36788200877708,13.996686561586307,13.802050963635834,13.86520407456773,14.151176806856068,13.7792232135336,14.094937478982885,13.287904943834072,14.844293834412126,14.128771651700212,14.696879935638416,14.282312912609493,13.462079100162212,15.77874090077992,14.054396721643226,15.646652801067566,13.478339520368062,13.851562881493939,14.602989879011538,13.865244827148056,15.58105715357876,13.869478987483104,13.18860382080123,12.876336521114434,14.79163346333513,13.879690441186426,13.941690109401268,13.131351892750748,13.73683278835886,13.553267832307359,13.368514912539485,15.765326434542619,14.255384526124102,13.762480657675447,14.301712802576809,13.962353257947987,14.364407532252914,14.100567051426832,13.607166655322043,15.77467312488162,14.147780405365303,13.580000837155055,13.705710981515422,13.547505379473371,15.146457825772037,15.697527653073166,13.605543443696716
V1_TaxiLow_HelsinkiMedium,7.6530361898351735,7.77706767553871,8.551904830241048,7.626569127785811,7.417289652297988,7.510205539405945,7.117111091889605,10.229706371115267,8.21367666861851,10.49839184413131,11.15542537680738,7.924722389785507,14.36788200877708,0.0,2.784387628941551,5.413324225792668,7.264185274329575,7.547618601989502,6.711911430187384,6.820907885456761,5.538773361708375,7.59222762070028,7.293309163508933,7.928621332119007,4.094431328285723,7.303645964423985,8.731366926619028,6.8206028728169885,9.891218654292976,8.901275614468252,7.7239497938956205,9.139555590503223,7.038521496683954,10.182668974471552,4.360339922161787,7.334337042554115,6.921747168166427,9.543091845288519,7.189029041532907,8.148127187630347,6.608050244238119,7.269025887294062,6.640870792046928,6.592747065780081,10.267628439041303,6.764296276812634,6.701739165988804,8.237957781739743,7.0354746863349975,8.563440614081033,6.230466212763704,6.707013072482347,10.226949895476825,7.631397683563859,6.99976674405057,6.573358254867917,6.663710348877479,9.351240792260947,10.060030204550497,6.360047659119064
V2_TaxiHigh_HelsinkiMedium,6.961476801652172,7.761063148969157,8.059830259518327,6.672973719891566,7.001930965941772,7.230987791806447,7.031480375045147,10.078242412866725,8.151359009276717,10.28231212470034,10.774470000107266,8.053711444086353,13.996686561586307,2.784387628941551,0.0,5.225668524978593,6.7303142178693784,7.1086310309681595,6.761665432912654,7.088440627448702,4.655187291629834,8.063789691484384,7.391955653253,8.198254578742901,4.434085863047572,7.338671268608282,9.86273035150907,7.165083292657628,10.033453320046984,8.679525414640787,7.4683856175564625,8.837067591554609,6.990107754592388,10.062564160699106,4.226894594630815,7.168219741604577,6.72966776496833,9.223306192739619,7.052639323618621,7.870366395998753,6.173201670294911,6.9990972767358866,6.5839591310039465,6.338167332139362,10.28323074567768,7.923595897975281,6.736079960116918,7.846600456886967,7.062887613276546,8.085672759108965,7.442386265590717,6.5296776950412,10.126744258913762,7.587602840680906,7.20714257450086,6.704567897182716,6.386332943370925,9.31456793216702,10.188191977578223,6.586620483294805
V3_BusOnlyCarriers_HelsinkiMedium,5.016406193425501,5.532835735920452,6.84660704915976,4.781119555772547,5.164753228438702,5.437195482310996,5.185523602534552,9.37749066033674,7.128249029969617,9.431176798776262,10.187580509393033,6.92057598098143,13.802050963635834,5.413324225792668,5.225668524978593,0.0,4.875923875214253,5.2344683454605345,5.22190114622445,5.321741190822559,4.2968003590007315,6.254661522089554,5.8074716730644145,6.689010483475305,5.575516403247613,6.021205480656411,8.679222957359515,5.661073655270208,9.11814318413434,7.814564567824791,6.305883395648562,8.032864716586614,5.66826744385821,9.26045493497605,5.6938498979706145,6.066439016489502,5.611932007270421,8.538240282979956,5.7004319731614475,6.786716003995317,5.18383473128802,5.7635149554480485,5.241876326673961,5.040819038725912,8.854452609502212,6.924245180314818,5.408915146199561,6.686703903995826,5.63234131388053,7.101814162528024,6.243397887943014,5.144547295244505,9.295052769231992,6.38138325239278,5.970237956837233,5.314128217542577,4.905474483883905,8.36187440524071,9.326841513382258,5.219039542857192
V6_CarOwnership_0_HelsinkiMedium,4.283157642964062,6.393872568364726,4.283338860744705,3.268155961956447,3.599159602618946,5.41174244645912,4.17588921937021,9.815450582680423,7.653001097193378,9.982101530036065,10.353269940128307,7.733157490733997,13.86520407456773,7.264185274329575,6.7303142178693784,4.875923875214253,0.0,4.614455618973387,6.6159286152113745,6.943281630805578,5.674072250944953,7.970097158581919,7.100323810151388,8.121348242145649,7.43651990439493,7.132507255039263,9.908363629416149,6.696814790086131,9.94753822450538,8.625817181363912,6.754174854435001,8.370540978173437,6.4227220632112365,9.745330616018753,6.636709254371961,6.699557852085378,6.277944510049222,8.744605424231302,6.546876948300507,6.771542324582492,5.644834717418461,6.451332971762481,6.1137943974095625,5.71141464448384,9.634474954807908,7.686984005159135,6.447859227115316,7.863958790498595,6.692965947320874,7.9254357119307635,7.438026607015591,6.360941902183301,10.071447355678766,7.379911715458717,6.733658976727721,6.336679400617414,6.1954092642623,9.148035322930204,9.934721984561895,6.252704504627524
V7_CarOwnership_100_HelsinkiMedium,4.825560904779235,6.508348336906916,5.180845485623771,4.52264269740049,5.2792851315783205,5.413734978519777,4.824431056191472,10.193705445691839,8.337955380518938,10.46357339784543,10.746362435139806,8.241031574100885,14.151176806856068,7.547618601989502,7.1086310309681595,5.2344683454605345,4.614455618973387,0.0,7.0221249076364085,7.120229796925764,6.2321089486711445,7.830923638599227,7.399918953036815,8.30418636934221,7.693351005462421,7.714332343192577,9.91197384169334,7.239857730105821,10.223119508934685,8.909056320986242,7.167187962392798,8.853734964598571,7.0206450274690955,10.193960684278903,6.898477477008258,7.355510251102006,6.725157652554709,9.208680365971485,7.1994746020381335,7.140669750104057,6.214720365774197,7.176173812439874,6.5856780253154055,6.167956772096277,9.91192149254973,8.168255179270847,7.203079847411085,8.036275689244308,7.360307460019299,8.338992951191114,7.877854391278832,6.9127551966195036,10.275588565207855,7.740269155045072,7.459876402659886,6.968116746877924,6.631199306660697,9.439844169669476,10.303656626873279,6.771741366095389
R10_TinyRange_5m,6.866392105177394,7.688811256790321,7.8900352245650645,6.552241636945455,6.8973801725423,7.129468555608867,6.93576269045142,7.567746928221293,3.970997291227308,6.983812815464224,8.961094594507982,3.9748018425199696,13.7792232135336,6.711911430187384,6.761665432912654,5.22190114622445,6.6159286152113745,7.0221249076364085,0.0,1.7682215089825444,4.7475887644802945,4.397963881554199,5.07974293644331,3.624047085877108,4.939281473072064,3.802773638950892,7.431620041651585,3.065575585874567,7.885314802754398,6.439851668985377,4.7039597404980436,5.508668767096205,2.8107595353889363,8.360370370087429,5.221653090281063,3.974141379324865,3.755131596317742,6.808121277147626,2.6813571398813467,5.370243955687242,2.914987781971661,2.802001011378988,1.5218300298508365,2.415011133421075,8.355005864545044,4.467018186971748,3.0869255098794617,4.799510660722327,2.9237724978584825,5.390994535762953,4.089670144868201,1.739482855607491,8.057453067685817,4.37862665444464,3.1849983323041857,2.485332522627408,1.4645296509205719,6.952701607307774,8.096614715138324,1.91740979970064
R11_SpeedExtremeLow,6.955309058490987,7.275352350863068,8.15293007942835,6.873341578489298,7.117525319085483,7.300250181532665,7.118505279264969,7.971923234249953,4.5632060919174435,7.0883929249238395,9.377415889351303,4.412650769883171,14.094937478982885,6.820907885456761,7.088440627448702,5.321741190822559,6.943281630805578,7.120229796925764,1.7682215089825444,0.0,5.426533469138871,2.9440336927254056,5.136752667935687,2.8552425612056633,4.962378085445295,4.270789691604448,6.885838369178992,3.084172122473101,8.099955901527302,6.583389668348611,5.220908390900876,6.373348982407932,3.134545794307035,8.656835777446975,5.308784634661868,4.61048561214472,4.318491126592888,7.532488446184444,3.2518717799301182,5.730574776143054,3.95342327359813,3.641080602708495,2.479155228501582,3.1746157975754152,8.482596665577102,5.200892483084697,3.8732260637286644,5.177907111168862,3.42824632878891,5.909293184335108,4.738029616754805,2.9591148510053324,8.211151793597375,4.770101565661879,3.9462829112361635,3.205850008704761,2.499855048761125,7.203555534120479,8.314875082295544,2.884192967080808
R12_SpeedExtremeHigh,6.0694917729938,7.340909795014473,7.026920251408867,5.614609255624058,6.046594364612002,6.329783629337377,6.099072586108738,8.578736927581287,6.303182795602159,8.901372965439847,9.469634847018101,6.202090986408021,13.287904943834072,5.538773361708375,4.655187291629834,4.2968003590007315,5.674072250944953,6.2321089486711445,4.7475887644802945,5.426533469138871,0.0,7.009791286265697,6.327316179836086,6.746898930500918,6.299968085898897,5.677717624117285,8.960753851752107,5.467122310653332,8.804381040865117,7.24216979161585,5.602183664138759,7.323993304984399,4.975083011591904,8.843259403375793,6.0603093207886785,5.309100513728872,4.664143576224739,8.32618772297837,5.1597037640299,6.749313187009021,3.6430655643715157,4.8980244169822456,4.38362866162935,3.983333070395888,9.516589711734502,6.232538981220853,4.675166214863686,6.162916465309632,5.204635137854831,6.4395435704713275,5.6113608585750026,4.332668906931101,9.021309100502265,5.825869788202412,5.2918143144043785,4.610852526662402,4.130947020833783,7.947596735843929,8.95833550616346,4.4334686104901335
R1_Rural_RandomWaypoint,7.663693386756446,7.117110052383097,8.991578379793829,7.895791746786485,7.994847205238415,8.096315227206318,7.9490980996144005,9.479354423708557,6.8725425560331415,8.963511946908733,10.52656786564681,6.7841087713821855,14.844293834412126,7.59222762070028,8.063789691484384,6.254661522089554,7.970097158581919,7.830923638599227,4.397963881554199,2.9440336927254056,7.009791286265697,0.0,6.7922621163964365,4.683059223585815,6.175340033195943,5.617056825426365,7.085339699855165,4.4737942370074215,9.131645797886337,7.822587836644809,6.744965036844494,7.468786949845729,5.243123045814947,9.64022525626407,6.351754328457801,6.134073651830363,5.988075457494577,8.483760742835338,5.072915222318264,6.920675133752809,6.0373820243098475,5.884204579238168,4.815798864968307,5.269835794705454,9.563735002255875,6.695258947113261,5.936023874650087,6.715138564720481,5.267537413419512,7.401700211062791,6.5984365392664985,5.320170362689157,9.239498814101239,6.3726332691262515,5.83310814962279,5.403625109455628,4.987055031367973,8.35290926637022,9.323643204065709,5.102528276459541
R2_VillagesTrails_ThreeClusters,7.248606046434187,8.087217613575998,8.219097999898946,7.0355211867337974,7.316438980988855,7.523223691857737,7.3388668990648105,8.950859502864562,6.375858631553715,8.584528211518762,9.99168435743417,5.974844303699557,14.128771651700212,7.293309163508933,7.391955653253,5.8074716730644145,7.100323810151388,7.399918953036815,5.07974293644331,5.136752667935687,6.327316179836086,6.7922621163964365,0.0,6.120906770953991,5.77837315863115,6.489502538518053,8.750198234281207,5.72071942152489,9.023402662248415,7.682689086724975,3.9045742878131118,6.973969852730112,5.151538458716464,9.369551405741879,5.789784684533306,6.379300002941928,5.71773231187914,7.613665896638632,5.686076467267497,4.167881688750419,5.310268754877218,5.332498588344405,4.975650118631839,4.773004636726074,6.455633811003624,7.123909256264014,5.44503987127965,6.516586362114523,5.627616907451939,7.1119887432910325,6.165547806708284,5.128621874182906,9.090570623308484,6.191900016335705,5.937955287497316,5.104200496026641,4.67945747759041,8.214690364152863,9.202468102987467,5.129625327313809
R3_WildlifeTracking,8.160459210331483,8.456131755995738,9.274353743136746,8.061663872303432,8.287751376815407,8.450954357805841,8.28979174631677,7.230853402264075,4.690811520121089,6.069569487352351,10.165832926266164,4.56994707061932,14.696879935638416,7.928621332119007,8.198254578742901,6.689010483475305,8.121348242145649,8.30418636934221,3.624047085877108,2.8552425612056633,6.746898930500918,4.683059223585815,6.120906770953991,0.0,6.053426423434618,5.7068819139970905,7.538230128268498,4.822498395952661,8.883571567094904,7.513719656371417,6.565860524326666,7.367632286012412,4.549564128510946,9.523106430123615,6.644254420138171,6.063071598906519,5.929467422742313,8.40595603606104,4.881031584142198,6.907083360039425,5.600370097936764,5.011736738272902,4.362052354248698,5.015927797778601,8.90937326162906,6.382629328853729,5.354336505686053,6.297633855513577,4.933402162282543,6.986822563905033,5.850086998721414,4.71911864625604,8.724974263545144,6.035001297134818,5.291425916174017,4.707163212779271,4.386859779601982,8.081008991419324,9.126515991388057,4.729686262107658
R4_ParkRangers_HelsinkiMedium,7.546289883932113,7.916137976872773,8.893696853738696,7.374357138813368,7.63629655542111,7.827524939242553,7.652220511244026,9.045399149608736,6.70222324720091,8.938485309965914,10.298921045356792,6.4771759898381465,14.282312912609493,4.094431328285723,4.434085863047572,5.575516403247613,7.43651990439493,7.693351005462421,4.939281473072064,4.962378085445295,6.299968085898897,6.175340033195943,5.77837315863115,6.053426423434618,0.0,6.137020627112339,8.51675801804644,5.605032720646144,9.114348990987674,7.819002950889175,6.798528551268502,8.187560637079672,5.551151871584616,9.559463935776877,2.551269204022003,6.351668087719077,6.05627592903151,8.643867696649645,5.628883667255507,7.010741164597683,5.745861199685014,5.6433125038863645,5.20112614903848,5.415237308880322,9.157568967385403,6.930520062111263,5.535467731629814,6.6844060649563435,5.5536532307035085,7.218744970825018,6.217150124473642,5.151484145918861,9.20757481809902,6.398407668613538,5.910198871240591,5.283353123008987,4.905349730147839,8.370305024164258,9.344057120505436,5.245099774763417
R5_MountainRescue,7.530933538531503,8.224266188116081,7.891640487778717,6.910594810473301,6.9915617360099604,7.510977873690685,7.118236698118242,8.693083685226895,4.8210759891062125,9.279701399251495,8.618884067735868,5.602163205510141,13.462079100162212,7.303645964423985,7.338671268608282,6.021205480656411,7.132507255039263,7.714332343192577,3.802773638950892,4.270789691604448,5.677717624117285,5.617056825426365,6.489502538518053,5.7068819139970905,6.137020627112339,0.0,8.194061567142489,3.303055690538739,8.708109599321146,7.290535434254133,5.911078863733482,6.409234686929718,3.5563941848659795,8.410217571581521,6.286390801501854,1.3093221143294576,3.3521355650740947,7.563729846285927,3.009346260803513,6.564324316786387,4.562683520055466,3.3988264729559754,4.002703901995602,4.393443803998729,9.288668414865477,5.664948534110304,3.2915640962331882,6.313818987721827,3.1847898524851157,5.837425807622469,5.518680455867173,3.9486586321488875,9.085697794821526,5.747191188644102,2.122998911255284,3.2871909044660255,4.032583067910881,7.892667836410424,8.470196204158286,4.047482231151122
R6_SparseLongRange,10.21299845418046,9.767176522923215,10.774774231193428,10.45131318839194,9.984023638689436,9.9321359165075,9.487816379103178,10.754281935269503,8.517998277857417,10.579988402454813,12.168351248054515,8.310133753186609,15.77874090077992,8.731366926619028,9.86273035150907,8.679222957359515,9.908363629416149,9.91197384169334,7.431620041651585,6.885838369178992,8.960753851752107,7.085339699855165,8.750198234281207,7.538230128268498,8.51675801804644,8.194061567142489,0.0,7.394315821383645,10.566864377559632,5.662074932035186,8.897058405438742,9.686984740685919,7.835310299008938,11.22486617040227,8.785198124768346,8.54561501110732,8.360908329731673,10.498085968062448,8.034818115495058,9.213328276377874,8.27493537307909,8.35096361886668,7.510809669443174,7.825386833360493,11.101198358711168,6.917613670470114,8.144787412283849,8.813695487099368,8.16918019296451,9.226220432499149,6.500644557993943,8.033850295148685,10.915747789777528,8.575921591530978,7.991619463262325,7.450782426876023,7.900279364878778,10.133778188773965,10.631798348969927,7.488015147274181
R7_SparseTinyBuffer,7.043686529833498,7.656671228715047,7.093563445730611,6.544573456553362,6.518063607809388,7.101484977279214,6.579993909964056,8.5113299612205,4.175508821404634,7.5277598513207735,9.274542969610689,4.92194452700815,14.054396721643226,6.8206028728169885,7.165083292657628,5.661073655270208,6.696814790086131,7.239857730105821,3.065575585874567,3.084172122473101,5.467122310653332,4.4737942370074215,5.72071942152489,4.822498395952661,5.605032720646144,3.303055690538739,7.394315821383645,0.0,8.313562437539886,6.873895325074955,5.407674978337314,6.503798209772691,2.2031639773433445,8.158197340023738,5.665054384410734,3.5474567995267265,4.348272828158198,7.625822641735526,1.5192969123937203,5.972156364906704,4.068495909102044,2.423413331647719,2.8535947593357065,3.5885204847947527,8.89153029547128,4.955301049944169,2.0035099491111974,6.729352295592199,1.3588215229950296,6.4166511766092365,4.905189638512974,3.063107840699673,8.435735045796042,5.207574582359784,2.129105250276279,2.307773137356101,3.423799144024677,7.502590965920155,8.112342669603654,2.730510307065088
R8_IntermittentPower,10.163738755046296,10.755820827719278,10.762101697190186,9.986088186153177,10.12586335452382,10.271378721063838,10.093160557758955,10.935991087000394,8.87560198117239,10.76876858798055,11.771963281229208,8.751343872695664,15.646652801067566,9.891218654292976,10.033453320046984,9.11814318413434,9.94753822450538,10.223119508934685,7.885314802754398,8.099955901527302,8.804381040865117,9.131645797886337,9.023402662248415,8.883571567094904,9.114348990987674,8.708109599321146,10.566864377559632,8.313562437539886,0.0,9.920465907124463,8.91208008045284,9.904664424538177,8.204478153002182,11.282234269751463,9.177610894515482,8.68843504036344,8.412209228526008,10.678413692337209,8.281958941548401,9.439366896527234,8.09113523860917,8.221953576350021,7.870690199049828,7.964982420686763,11.409064560726968,8.805787892069194,8.204373472137622,9.162818510737402,8.292690804779825,9.491047266048453,8.461402149839465,7.935057728218819,11.082637010066517,8.813877142737695,8.351566967709074,8.028016382962239,7.851807762312848,10.337359790378708,11.099099440154603,7.876867336253171
R9_ExtremeRange_200m,8.881492772123195,9.615399125044787,9.608386121027028,8.682111521516534,8.96707038651848,9.169682064033442,8.905955665917084,9.526665082813594,7.299765303491605,9.566491365820346,10.623182715675785,7.43539075889874,13.478339520368062,8.901275614468252,8.679525414640787,7.814564567824791,8.625817181363912,8.909056320986242,6.439851668985377,6.583389668348611,7.24216979161585,7.822587836644809,7.682689086724975,7.513719656371417,7.819002950889175,7.290535434254133,5.662074932035186,6.873895325074955,9.920465907124463,0.0,7.507970846642602,8.67161845180811,6.729330313472137,10.231488544471203,7.838645208284479,7.320139802363652,6.939763242431624,9.538635583017655,6.704101414174645,8.100684793036509,6.477393919668466,6.643351511563442,6.209771080901918,6.326863922941487,10.376182969470028,7.814391346217269,6.751206395808188,7.6939900665508665,6.930175835632606,7.967117600425369,7.228558213520941,6.340905499597549,9.997099282695741,7.428600845049639,7.059914401032152,6.419763389006893,6.249467949209317,9.183939728924127,10.042146216596475,6.468151917557226
D1_ShelterHotspots_Clusters,7.0184890435912415,8.31391174038079,7.372254314254645,6.695474820030168,7.03629216954008,7.26718987182157,7.074783796738535,8.638457278990847,6.173810501008491,8.781502767325184,9.446874351361853,6.108317136051107,13.851562881493939,7.7239497938956205,7.4683856175564625,6.305883395648562,6.754174854435001,7.167187962392798,4.7039597404980436,5.220908390900876,5.602183664138759,6.744965036844494,3.9045742878131118,6.565860524326666,6.798528551268502,5.911078863733482,8.897058405438742,5.407674978337314,8.91208008045284,7.507970846642602,0.0,5.05526949761737,4.979232413611229,8.914657523747449,5.956925526732681,5.490858431608053,4.822857630689972,6.464270783687502,5.111417331979142,2.79960893759363,3.972185758061486,4.914271886530911,4.236519223386664,3.6670069475400036,6.158644820587711,6.251600972078775,5.144072838842807,6.2773031458896,5.341431206626578,6.645806028140841,5.934963030667361,4.588423345529843,9.080757251394065,5.912915692808902,5.347784347361472,4.794736184444706,4.306729099792123,8.011458734826366,9.01598557506182,4.493332330106624
D2_PartitionedCity_MuleBridge,8.7439945445542,9.819075447815505,9.047013618564755,8.33328327539752,8.683476734530435,8.901535116888859,8.736620896829427,9.235861249203465,6.830307767829015,9.266545924269597,10.365987790054735,7.341051173286972,14.602989879011538,9.139555590503223,8.837067591554609,8.032864716586614,8.370540978173437,8.853734964598571,5.508668767096205,6.373348982407932,7.323993304984399,7.468786949845729,6.973969852730112,7.367632286012412,8.187560637079672,6.409234686929718,9.686984740685919,6.503798209772691,9.904664424538177,8.67161845180811,5.05526949761737,0.0,6.6635154443954185,9.97335556666149,7.771309070382987,6.387234178142528,6.651422841154719,4.2919390950829595,5.979097597218002,4.914372252169157,5.879783493663794,6.332909208148139,5.628718074339031,5.885714978821049,8.3922138245707,6.264143819616539,6.601450334350267,7.5989718706380645,6.422990084254684,7.685747098010186,7.071658700735692,5.755309969432206,9.967302651349103,7.346239852492619,6.1513186071720956,6.356233166998011,6.031491900918828,9.118064312768242,10.014772997550523,5.793167778161578
D3_Aftershock_ErraticMobility,6.823809850082826,7.86493595824189,6.89084841295898,6.161984355957056,6.227362605949797,6.782781185637645,6.366791012192304,8.111931497624877,3.2353761238023653,6.805418321173118,8.94113156625358,4.022112485317573,13.865244827148056,7.038521496683954,6.990107754592388,5.66826744385821,6.4227220632112365,7.0206450274690955,2.8107595353889363,3.134545794307035,4.975083011591904,5.243123045814947,5.151538458716464,4.549564128510946,5.551151871584616,3.5563941848659795,7.835310299008938,2.2031639773433445,8.204478153002182,6.729330313472137,4.979232413611229,6.6635154443954185,0.0,7.963051800948853,5.474072201400399,3.347670636707753,4.121763914695289,7.733805416287192,1.7349512086041432,5.6158423752545685,3.3742184950346146,1.3012550132537923,2.6834506251941455,2.889008618698834,8.618576898012153,5.400152702572186,2.0786161790166515,5.2811575883074715,2.12555631869645,4.870535951599688,4.8234116177479125,3.1169840577099124,8.392247878297802,4.8586937893197275,2.527063597209963,1.4210504753076552,2.667263036343006,7.267519619729358,7.886488655667121,3.064225424207862
D4_MedicalTriage_TwoClasses,10.063030126971967,10.858609391825667,10.11338381810313,9.579826641805786,9.64072494327706,10.016407082623159,9.738100688862092,11.233394158012903,8.74339841411612,10.88405963452498,8.942257281651322,9.091901242658048,15.58105715357876,10.182668974471552,10.062564160699106,9.26045493497605,9.745330616018753,10.193960684278903,8.360370370087429,8.656835777446975,8.843259403375793,9.64022525626407,9.369551405741879,9.523106430123615,9.559463935776877,8.410217571581521,11.22486617040227,8.158197340023738,11.282234269751463,10.231488544471203,8.914657523747449,9.97335556666149,7.963051800948853,0.0,9.335052218718728,8.259234708976152,8.587755343022321,9.49000981002602,7.980085273283368,9.472189985114891,8.188348413386194,7.900760461989563,8.246807297670939,8.140492933762129,11.360032437603484,9.377670970593526,7.912828466292917,9.375128825326385,8.058028219452932,9.049289155933547,9.078609719456361,8.29613792305679,11.543876631122808,7.693713802437255,8.122601450559486,7.866356507897245,8.18561467633666,4.500418386385587,8.022920073463798,8.313427884591778
