,U1_CBD_Commuting_HelsinkiMedium,U2_SparseSuburb_HelsinkiMedium,U3_MicroMobility_HelsinkiMedium,U4_CongestionHotspot_HelsinkiMedium,U5_WorkdayShort_HelsinkiMedium,U6_OfficeWaitHeavyTail_HelsinkiMedium,U7_HighTimeVariance_HelsinkiMedium,C1_Campus_ClassChange,C2_ExamDay_LongStays,C3_Hackathon_24h,C4_Stadium_IngressEgress,C5_Library_Quiet,C6_EmergencyDrill_Evacuation,V1_TaxiLow_HelsinkiMedium,V2_TaxiHigh_HelsinkiMedium,V3_BusOnlyCarriers_HelsinkiMedium,V4_CarOwnership_0_HelsinkiMedium,V5_CarOwnership_100_HelsinkiMedium,R10_TinyRange_5m,R11_SpeedExtremeLow,R12_SpeedExtremeHigh,R1_Rural_RandomWaypoint,R2_VillagesTrails_ThreeClusters,R3_WildlifeTracking,R4_ParkRangers_HelsinkiMedium,R5_MountainRescue,R6_SparseLongRange,R7_SparseTinyBuffer,R8_IntermittentPower,R9_ExtremeRange_200m,D1_ShelterHotspots_Clusters,D2_PartitionedCity_MuleBridge,D3_Aftershock_ErraticMobility,D4_MedicalTriage_TwoClasses,D5_UAVMule_FastRoute_HelsinkiMedium,D6_ShortTtlCritical_5to10min,D7_HighLoad_TrafficStorm,D8_InfrastructureReturns_BackboneLinks,D9_Critical_1minTTL,S1_StrongCommunities_SeparateClusters,S2_WeakCommunities_HighMixing,S3_PeriodicMeetings_RegularRhythm,S4_RandomMixing_NoHotspots,S5_TwoLayer_StudentsStaff,S6_FamilyGroups_SmallPersistent,T10_HighRateLowSpeed_Congestion,T11_TTL_1min,T12_TTL_Infinite_Buffer200M,T13_Buffer_256k,T14_Buffer_200M,T15_TransmitSpeed_256k,T1_ManySmallMsgs_HighRate,T2_FewHugeMsgs_LowRate,T3_MixedBimodal_SmallAndLarge,T4_VeryShortTtl_5to10min,T5_VeryLongTtl_6to24h,T6_UniformSources_RandomFromTo,T7_TargetedToHubs_FewDestinations,T8_BurstTraffic_TimeWindows,T9_BufferStress_SmallBufferHighTraffic
U1_CBD_Commuting_HelsinkiMedium,0.0,5.710209309641515,4.913115826458043,3.25367170741327,4.665505874511252,5.566322269233102,5.315242805450904,10.063664248297961,8.185784093020931,10.258515723102132,10.560355504936485,8.16626436714115,14.100137607963154,7.647493406408176,6.873804221720354,5.013139080915188,4.172607725561663,4.825538692861725,6.852102275949548,6.949195493722711,6.050736456706873,7.602023574324078,7.234506807543339,8.156092102710224,7.538470989270627,7.513980312797519,10.201867408799279,7.038568012906436,10.159103626742004,8.875750081537516,7.0096131635036745,8.637561581552028,6.819664853170208,10.05642860421873,6.732335908458476,7.152569567210313,6.5383179852275415,9.001098425915462,6.899610784186441,6.977688494438195,6.02811052233547,6.891009667468032,6.3876878430205295,5.985444545587036,9.79821129190029,8.433642703338387,6.9666195409952865,8.020138675274032,7.06106024364706,8.289740437870975,8.170700096741097,6.630860368953698,10.161845023018683,7.595337273928413,7.293910653137043,6.8484223237252415,6.387259745543859,9.321147425867341,10.252035796490471,6.633012429369859
U2_SparseSuburb_HelsinkiMedium,5.710209309641515,0.0,7.190934979588199,6.167823769111902,6.326226164328267,5.793981795067113,6.290741095512764,11.047176978185671,9.278077141246426,11.172239405573235,11.652329481332202,9.118248161678375,14.907905206257727,7.6665197544456785,7.355837848247522,5.421020715171158,5.963825311361702,6.482929209674215,7.63816390988317,7.260967650704423,7.267528365418239,7.099036987157506,8.037246968934978,8.439370046739729,7.791873736220059,8.176974167116985,9.763931363829068,7.632608279226718,10.72149977142869,9.576572053271462,8.264957549030973,9.684362349207746,7.824830246417655,10.82029355404122,7.544479320890827,8.192445479748738,7.762080580099342,10.068578673303275,7.879434002983544,8.335650733653258,7.595863233334038,8.140215275505609,7.5286921414586985,7.3298060705536665,10.469033400215794,8.954437742879955,7.986456941582956,8.73191804018638,7.937224137682634,9.134686451178217,8.613683191991948,7.758302234710473,10.832151899719399,8.465197044942682,8.249069464888542,7.7731325868075745,7.478724803104432,10.04283089396645,10.859126938562728,7.64156644120752
U3_MicroMobility_HelsinkiMedium,4.913115826458043,7.190934979588199,0.0,3.8263019551763833,4.154217317351269,5.176887277598283,4.197106688846394,10.586091706744353,8.317926977400651,10.70728350593073,10.794982570516536,8.728858367039903,14.299655155810992,8.54522277584732,8.047374261508233,6.8325894299350844,4.272394497495404,5.147286135866842,7.948101441156454,8.084607009678109,7.151746064915679,8.688327309903116,8.234049428829653,9.236729728526251,8.888988966989656,7.935693127634567,10.657089735666116,7.071571640375868,10.808928357475079,9.67249089151348,7.453391418124874,9.105951171849807,6.941995618082917,10.174933420160547,7.445802840983767,7.235146441439301,7.0460005436436735,9.352571105927897,7.106438184203404,7.002828265612936,6.539689374282953,7.110876683272207,7.0284330562863815,6.578976908824614,10.49650913637183,8.471314955204818,7.206471377045053,9.4941641479306,7.325759156461696,9.154885215041356,8.613150848841078,7.599766062490959,10.994433336976407,8.436785696468364,7.2556919427196345,7.188047937980367,7.551262955022756,10.022514154347256,10.495596891926494,7.215248992801483
U4_CongestionHotspot_HelsinkiMedium,3.25367170741327,6.167823769111902,3.8263019551763833,0.0,3.431490006063147,4.917158443619671,4.006551795527171,9.939640659825308,7.715083017739523,9.919092620919095,10.32764991270715,7.932464434142977,14.013664396736447,7.602297542032532,6.670678008865514,4.728339345544844,3.2685572775190326,4.439692684652211,6.6461524700721215,6.747743254283597,5.8189364080558335,7.417805487310854,7.040966546212968,7.991312249212056,7.353180619099984,6.980946766287564,10.27443584911813,6.500052793704456,10.048174265489221,8.762566476741371,6.809156504111033,8.475901133507021,6.225867784712857,9.663278113136542,6.5235821524994675,6.588378248831097,6.325446376373971,8.846052362318213,6.276688694633683,6.776551113489469,5.7942534495468045,6.269707553039059,6.172039435689506,5.749944926041081,9.656389801305943,8.490778154499303,6.391816039277743,7.8278899993675495,6.464573557822824,7.795133145719455,8.216094501742976,6.383910642267668,10.028101173747235,7.410631668255541,6.784862730466189,6.356363825849659,6.123377131247689,9.171427259708844,9.977577096907824,6.466152875830757
U5_WorkdayShort_HelsinkiMedium,4.665505874511252,6.326226164328267,4.154217317351269,3.431490006063147,0.0,4.670918831674673,4.159185614535814,10.137348925139229,7.690628239670383,10.118381355805766,10.588751348966056,7.968106618843359,14.15550281091064,7.4146406082363905,6.980581013563757,5.155256396635238,3.5761798877659645,5.256070668711741,6.942187688013423,7.058201905655255,6.148482057769097,7.726581335581254,7.328190319057777,8.25552723249648,7.635130851899323,7.022494063202516,9.886937965258078,6.498844059722825,10.161994826697534,9.010428854849504,7.0974874272349044,8.696967372587816,6.269068993895349,9.68709975930263,6.839563611805061,6.6247054539899555,6.6479879143015825,9.058075548380076,6.47365270522912,7.0699223024085835,6.123773919440749,6.452646873730063,6.505137069958968,6.091062646618201,9.863411012239187,7.954564449192402,6.4470394284467725,8.01065089453211,6.64141822517549,7.751480569704717,7.69581386939952,6.839294601536535,10.228832467748829,7.678089598616593,6.705418438366281,6.290854056227752,6.575700151884103,9.388927054753644,9.9267713992212,6.659614019769564
U6_OfficeWaitHeavyTail_HelsinkiMedium,5.566322269233102,5.793981795067113,5.176887277598283,4.917158443619671,4.670918831674673,0.0,4.259251686304686,10.310727239313383,8.151213645418569,10.457276071337157,10.839299879976531,8.208805634801996,14.275855386491397,7.510754905309661,7.192127044597714,5.436119232024444,5.376955571600226,5.405580776047489,7.1651812789455915,7.261618100097084,6.406392288246373,7.888385273547602,7.535418819622075,8.431581148191256,7.828204648322445,7.534469101672414,9.860420511008659,7.093448929622705,10.30179203815474,9.204727478885486,7.316370606947728,8.890141211290839,6.8177489375124605,10.053218167856897,7.052491018778354,7.159333061828841,6.917084408489466,9.243009227711937,7.097216927291692,7.287391025814757,6.383618830946698,7.053766603874317,6.792233222351022,6.343570931751913,10.021140812216665,7.9825831498831805,7.065212002530725,7.961562470623327,7.2815092459222,7.966049008715597,7.680407870870287,7.175555195994712,10.471344137640813,7.87756907417663,7.271105839687296,6.761962551299109,6.834727538139488,9.55462015320474,10.180151652744092,6.946978664018732
U7_HighTimeVariance_HelsinkiMedium,5.315242805450904,6.290741095512764,4.197106688846394,4.006551795527171,4.159185614535814,4.259251686304686,0.0,10.14619750559962,7.775561851217491,10.26542497961759,10.704075751350356,7.939360192697997,14.14915937592602,7.117225525745641,6.997575188414553,5.182811605472789,4.139206601239967,4.811753292955846,6.971985761881024,7.073654366469182,6.182749316135622,7.724181820355765,7.352219289887903,8.266366409497863,7.652790812540164,7.141768715376226,9.406735642130778,6.567656030928789,10.124554900405828,8.946538636029777,7.126382819003739,8.725256732254211,6.4039562334011935,9.77682928030023,6.859827472598907,6.756193796807992,6.678063621391727,9.08526743558461,6.689793049178808,7.095617029576377,6.160845438213915,6.674448053598591,6.5334245463487095,6.122548966850867,9.882881477880689,7.446267564927049,6.5834516851612355,8.035413246348686,6.838487819123793,7.8618577299507715,7.1970575013750056,6.955509813255565,10.244732409273256,7.703894718255243,6.7523044642877,6.319002889343971,6.694457395765034,9.409883631454225,9.91168796736196,6.605706172266817
C1_Campus_ClassChange,10.063664248297961,11.047176978185671,10.586091706744353,9.939640659825308,10.137348925139229,10.310727239313383,10.14619750559962,0.0,8.03403216766598,9.998471701824668,11.230508647433757,7.923941997765914,14.152191860539974,10.286911053055336,10.277783796634633,9.417579773478428,10.001748935144104,10.174742962156142,7.559734767254442,7.9374416666719725,8.57524576266197,9.365830000906481,8.921314676057337,7.200484708150703,9.12100882659624,8.68236198537769,10.70790910989567,8.491063705811266,10.930747213420716,9.520488060050821,8.633535639098504,9.17847643288976,8.101681604939529,11.22991067155871,9.115317148236421,8.563649804889641,8.361602857048338,9.988025171688646,8.208933572874692,8.966125412808415,7.618413245528614,7.840909520506319,7.549706304034947,7.638836146006871,11.128976827157045,8.858170730375251,8.12550722154174,8.789522180855867,8.188905496788609,9.10452963700286,8.33078594086704,7.8798075615900185,9.582069574580192,8.742792499390852,8.048525953519283,7.517190944592837,7.5568587284383275,10.216308799936698,11.153995270418791,7.89731770316139
C2_ExamDay_LongStays,8.185784093020931,9.278077141246426,8.317926977400651,7.715083017739523,7.690628239670383,8.151213645418569,7.775561851217491,8.03403216766598,0.0,5.2596418975171,9.17834304189676,2.1183421933035116,13.200341528030668,8.287071468800088,8.402328819912327,7.182662026690125,7.895134177568228,8.312614428860597,3.9559439316068614,4.500770302479132,6.296587298084588,6.713923983013331,6.329099213200591,4.642268968226304,6.80716948741978,4.8027375305985816,8.457958891468113,4.132590587774409,8.867844542302112,7.289941527231245,6.165310486812167,6.759099147893929,3.2053871108577106,8.73783391583095,6.909440368265628,4.731275688914568,5.558076125438043,7.826814271783779,3.6099294343482007,6.59508311215808,4.810934854634396,3.2602942872679903,4.202343263022946,4.65804201732333,9.039758934797607,5.80602616366587,3.8378784557356136,6.316327939619013,3.870714069428759,5.878605922385852,5.525754875786349,4.345465810321083,8.973289261186723,5.954495210060259,3.836156325497331,3.561206512681806,4.309377381911942,8.03924142013971,8.585250872767887,4.3963364029552
C3_Hackathon_24h,10.258515723102132,11.172239405573235,10.70728350593073,9.919092620919095,10.118381355805766,10.457276071337157,10.26542497961759,9.998471701824668,5.2596418975171,0.0,12.206566951603868,5.579520356374099,15.919049267022134,10.554201488895322,10.471740905843536,9.471115069677426,10.159179903613952,10.445202409747008,6.975297209211277,7.04975704194368,8.898097616592727,8.843500443568125,8.553853523557308,6.03355236943961,9.015103414393002,9.269784067666965,10.532944720106473,7.5049933956157275,10.763551030277425,9.560238408367976,8.776790988800283,9.209477530004245,6.7933672419041695,10.880569652489314,9.278022546221464,9.299914000805815,9.588480594027889,10.030654976505936,7.137273870031186,9.03279650332121,7.919618599054659,6.931155955102915,7.322692088293467,7.742071476601207,10.556253014316223,8.893112703623075,7.413148468150027,8.754833851977713,7.263710166460327,8.721920056669134,8.623679644723858,7.354441733721016,10.754610627704805,8.474776481797171,8.150362550782955,7.27006598328747,7.326964533898872,10.04710017468719,10.687730813034579,7.55032526848407
C4_Stadium_IngressEgress,10.560355504936485,11.652329481332202,10.794982570516536,10.32764991270715,10.588751348966056,10.839299879976531,10.704075751350356,11.230508647433757,9.17834304189676,12.206566951603868,0.0,9.17368651940257,14.244407253607934,11.201801333519992,10.932604866437748,10.21964114503046,10.504454604368433,10.732398224993606,8.95286506444354,9.349839446967433,9.468939405096469,10.425824478191824,9.97411512159802,10.145455553972674,10.357874249156998,8.605171557317572,12.129519074060816,9.25680294438703,11.769136596167515,10.619782728443083,9.444422051304041,10.300934925489424,8.935200702809805,8.939901684974192,9.964276904684752,8.30359875887416,8.089660246344927,9.75146142828036,8.950787511519616,9.824623556661845,8.574866466041781,8.776122358331559,8.706399767112226,8.63686867198581,12.135510892325312,10.101167419747883,8.9719103283296,9.97964808232146,9.083209781815315,10.034087918976033,9.92931708684133,8.777765137159363,11.79704017938308,8.425517932556398,8.669626570839077,8.908694482574553,8.707870480014785,9.533647610944374,4.333873935690805,8.853227903864077
C5_Library_Quiet,8.16626436714115,9.118248161678375,8.728858367039903,7.932464434142977,7.968106618843359,8.208805634801996,7.939360192697997,7.923941997765914,2.1183421933035116,5.579520356374099,9.17368651940257,0.0,12.920536548272887,7.9863088336729495,8.251002405528023,6.964285370691756,7.924441212316554,8.223578121319997,3.9528506202783795,4.35265073336018,6.20127020324242,6.625296388787131,5.949531956148612,4.5231648815867596,6.565797955108081,5.577821486764993,8.252856671829733,4.887019120850929,8.747629702571404,7.430510467821379,6.104404135321465,7.240521029672322,4.009574805333705,9.089456206374438,6.74367930027838,5.5011857229900585,5.47656899250835,8.255216769193494,4.629006950581265,6.678254316492762,4.765503964432936,4.216022043748782,4.207404190827561,4.551263975790855,8.954367863521828,5.689261086174483,4.61229102875342,6.062129553121866,4.753341765352471,6.300098672366258,5.106175264646596,4.4086406837691205,8.90464287083101,5.824322646750281,4.725929008469911,4.159603755819437,4.197516714436029,7.944109432361075,8.752482986208289,4.343622262009378
C6_EmergencyDrill_Evacuation,14.100137607963154,14.907905206257727,14.299655155810992,14.013664396736447,14.15550281091064,14.275855386491397,14.14915937592602,14.152191860539974,13.200341528030668,15.919049267022134,14.244407253607934,12.920536548272887,0.0,14.401517311199536,14.16100270015627,13.823053908527847,14.018090890013333,14.137514252951764,13.770713399231669,14.073382141832635,13.284500137667182,14.76970986100271,14.113323932308665,14.679726171870444,14.322294443142027,13.450045223395737,15.745948575334959,14.039517704799612,15.64177997926307,13.473981409657899,13.846813321267295,14.553909253647783,13.858305569892002,15.576968537116272,13.883556779947877,13.18128716741766,12.87042952418298,14.743182805779481,13.870918338760138,13.932551411518697,13.127953693668351,13.733364388882,13.546887613393089,13.362832792351057,15.76049121704228,14.243349611694885,13.75888525757758,14.296764803051152,13.955361991360103,14.360765704990552,14.0972306367873,13.602722018161414,15.769842749578476,14.142394371110175,13.573921627464758,13.701061578250494,13.54263583552481,15.141427040324217,15.69267523347878,13.600102538611095
V1_TaxiLow_HelsinkiMedium,7.647493406408176,7.6665197544456785,8.54522277584732,7.602297542032532,7.4146406082363905,7.510754905309661,7.117225525745641,10.286911053055336,8.287071468800088,10.554201488895322,11.201801333519992,7.9863088336729495,14.401517311199536,0.0,2.6647632001904067,5.412395887412959,7.232891975687914,7.544472625512846,6.765454586389139,6.8003088774615925,5.616300080276324,7.416322439654798,7.283662507090626,7.924354116963916,4.094132286001491,7.348320742906886,8.671007680205747,6.8298772565549655,9.922232969076338,8.935434243757095,7.769681146716506,9.17161879693948,7.071638940151239,10.218531972734503,4.357719057941679,7.391512640224701,6.965996394789822,9.57380384325719,7.235368552823826,8.185666292642843,6.679822426631029,7.332254050440372,6.693958230999393,6.639190308254306,10.29750919260171,6.8416095023183425,6.766901462947872,8.278031539324896,7.081794358527797,8.617849089717797,6.307764828096699,6.778770864368053,10.256949343915423,7.671553707284947,7.0667269374900314,6.6287771252666134,6.716662961757991,9.384040176485751,10.090526099784793,6.422911925879585
V2_TaxiHigh_HelsinkiMedium,6.873804221720354,7.355837848247522,8.047374261508233,6.670678008865514,6.980581013563757,7.192127044597714,6.997575188414553,10.277783796634633,8.402328819912327,10.471740905843536,10.932604866437748,8.251002405528023,14.16100270015627,2.6647632001904067,0.0,5.146702769433117,6.7289071319126235,7.032594867356128,6.884594863993422,6.948487234954006,4.935078251485351,7.5340564402447,7.358903403216379,8.120601374044353,4.36852445512615,7.438981512011772,9.644942753289627,7.122940474162037,10.101195369458262,8.784225208748595,7.584100731417141,9.078248147049989,7.046395333408717,10.153332146142452,4.1177559941709,7.319389852111994,6.8304433571154,9.454656630103583,7.154951713536288,7.947893198252936,6.401942366322578,7.18943597058911,6.705759657798567,6.445216484812455,10.349338068321863,8.138970573195804,6.920071811588435,7.944934753525761,7.1602897384752096,8.250140109214534,7.634224163960984,6.739547303336372,10.193893372523215,7.676993530858212,7.388078019245375,6.840057022585208,6.521124384495998,9.387528352441024,10.254967304970867,6.739045562844418
V3_BusOnlyCarriers_HelsinkiMedium,5.013139080915188,5.421020715171158,6.8325894299350844,4.728339345544844,5.155256396635238,5.436119232024444,5.182811605472789,9.417579773478428,7.182662026690125,9.471115069677426,10.21964114503046,6.964285370691756,13.823053908527847,5.412395887412959,5.146702769433117,0.0,4.814554962569855,5.233837681342027,5.273650010537799,5.3095950544408295,4.359880597740356,6.096400998015345,5.787083957730291,6.690648097454113,5.573506024187706,6.062940574422189,8.638872561755464,5.674881746930873,9.141685015328896,7.841667775635994,6.344630466943937,8.042417361846601,5.697734063116745,9.287678506422468,5.693620514811744,6.116620449618152,5.650103390893091,8.54722827051076,5.7450524388927136,6.821727020710413,5.243767609486916,5.816396122690475,5.291327450566329,5.083281880329141,8.878693688144464,6.975574628644559,5.462486661282713,6.721032169941647,5.675780544823581,7.146309603644917,6.294642043536999,5.208809213612729,9.31814788033689,6.414976706967734,6.025642002471003,5.36142750373567,4.9551826432082695,8.387539419045329,9.349858273819066,5.2738790224175585
V4_CarOwnership_0_HelsinkiMedium,4.172607725561663,5.963825311361702,4.272394497495404,3.2685572775190326,3.5761798877659645,5.376955571600226,4.139206601239967,10.001748935144104,7.895134177568228,10.159179903613952,10.504454604368433,7.924441212316554,14.018090890013333,7.232891975687914,6.7289071319126235,4.814554962569855,0.0,4.52541032517175,6.732876573995343,6.824721450397053,5.888322941478422,7.497223915891297,7.080575123672279,8.058574181193675,7.4101265901327125,7.2280558175421445,9.721566845430976,6.664674550861048,10.013847428048136,8.724802032348151,6.875387801858532,8.583792059812742,6.486545455035362,9.833809960039329,6.585820419023164,6.848032337001243,6.382695779667797,8.948967163550465,6.650475552307085,6.857419547126946,5.87392053174067,6.641082332514903,6.237576457823199,5.82650571204631,9.702928169947272,7.884108259259238,6.625499446659226,7.957989230898424,6.791062298819979,8.079524542959849,7.613931753003006,6.557825463354164,10.136974963414975,7.469090071665894,6.91000454088441,6.471929906060999,6.3271609251446765,9.220127973096247,10.001170364490438,6.401980372104265
V5_CarOwnership_100_HelsinkiMedium,4.825538692861725,6.482929209674215,5.147286135866842,4.439692684652211,5.256070668711741,5.405580776047489,4.811753292955846,10.174742962156142,8.312614428860597,10.445202409747008,10.732398224993606,8.223578121319997,14.137514252951764,7.544472625512846,7.032594867356128,5.233837681342027,4.52541032517175,0.0,7.0088394327798005,7.1140612555997835,6.214923782764859,7.7692069285266605,7.386346974972167,8.299863683029193,7.688464609748736,7.6983687312963855,9.899996243929436,7.234995230567001,10.218935260265598,8.903839998091394,7.159194267634712,8.749932138663903,7.017090357358591,10.18795059150457,6.898946658411786,7.340762658716488,6.718795584724158,9.108923321435102,7.187989599416113,7.130421130002562,6.196115294337874,7.161466484669482,6.576193866850453,6.161019549133151,9.907605813621469,8.135000978542491,7.1898680816898475,8.03008463339835,7.352562589184594,8.326295102084705,7.862978661332574,6.895673417571905,10.271425727220393,7.734741928527203,7.442892935206155,6.959321396726823,6.622558534104513,9.435312610402336,10.299505177004841,6.760109416585095
R10_TinyRange_5m,6.852102275949548,7.63816390988317,7.948101441156454,6.6461524700721215,6.942187688013423,7.1651812789455915,6.971985761881024,7.559734767254442,3.9559439316068614,6.975297209211277,8.95286506444354,3.9528506202783795,13.770713399231669,6.765454586389139,6.884594863993422,5.273650010537799,6.732876573995343,7.0088394327798005,0.0,1.715358497471857,4.731428546101922,4.250957027361586,5.024552771948711,3.607036033943482,5.020065162367685,3.801180241184248,7.400193240900265,3.0532282998998173,7.880074761324472,6.4328000817904485,4.69608115515318,5.428122305267781,2.7931319318548944,8.356052860408248,5.2643000804769535,3.9735335697534047,3.7441155521674157,6.743114664499832,2.6812032859021913,5.3699378660891455,2.8975337367511935,2.786052985773491,1.5162822050513387,2.397846133968314,8.350060578254965,4.456617879761193,3.0717412078676425,4.791364317140217,2.921491428328778,5.385366459740392,4.079233010717293,1.7277692817126518,8.052325039303494,4.3691829876588475,3.1822899297816103,2.4707700276700786,1.4390236727807415,6.946758110147102,8.091511501544828,1.9117725598533648
R11_SpeedExtremeLow,6.949195493722711,7.260967650704423,8.084607009678109,6.747743254283597,7.058201905655255,7.261618100097084,7.073654366469182,7.9374416666719725,4.500770302479132,7.04975704194368,9.349839446967433,4.35265073336018,14.073382141832635,6.8003088774615925,6.948487234954006,5.3095950544408295,6.824721450397053,7.1140612555997835,1.715358497471857,0.0,5.385515534050589,2.85057864350528,5.082675323530847,2.854135122347357,4.925886915499781,4.249730407756796,6.881005189628135,3.0802144142863934,8.085440405660677,6.564900575695454,5.19538904343321,6.257701898547716,3.10387478889246,8.641007946978297,5.303293140814755,4.584032680788316,4.291203285066282,7.434893263213485,3.227032482476921,5.718413189712107,3.900551359773946,3.587888571936224,2.4399264329721726,3.1373945889190824,8.468737040405282,5.154413053662375,3.825281600413814,5.1536913865245895,3.4040898708026153,5.879381775918964,4.6955085399878245,2.9005586357231827,8.196833203605008,4.745411440218227,3.907517762697056,3.162860588857908,2.4461110844113776,7.187229864376254,8.30073541070731,2.8419132887114102
R12_SpeedExtremeHigh,6.050736456706873,7.267528365418239,7.151746064915679,5.8189364080558335,6.148482057769097,6.406392288246373,6.182749316135622,8.57524576266197,6.296587298084588,8.898097616592727,9.468939405096469,6.20127020324242,13.284500137667182,5.616300080276324,4.935078251485351,4.359880597740356,5.888322941478422,6.214923782764859,4.731428546101922,5.385515534050589,0.0,6.868350547794017,6.308649180585829,6.720612536077184,6.379940389852348,5.655612374954597,8.914252889129306,5.441268524607204,8.80248121484506,7.23947500810681,5.600113647866009,7.21901138519649,4.9691524111731065,8.842042756662279,6.091323554802817,5.297701524106872,4.660557816199104,8.233993637917537,5.144541348861611,6.737315800514091,3.6418164241765507,4.89693688625614,4.374923334154327,3.979135100908464,9.514832097302703,6.206159600393022,4.674352100800465,6.160674715005547,5.195510576684265,6.437561345354186,5.609925290440009,4.326823943904844,9.019455137175852,5.822998529435887,5.282237457070514,4.608518767551472,4.128138062748726,7.945492241536704,8.95646868276973,4.426709602208096
R1_Rural_RandomWaypoint,7.602023574324078,7.099036987157506,8.688327309903116,7.417805487310854,7.726581335581254,7.888385273547602,7.724181820355765,9.365830000906481,6.713923983013331,8.843500443568125,10.425824478191824,6.625296388787131,14.76970986100271,7.416322439654798,7.5340564402447,6.096400998015345,7.497223915891297,7.7692069285266605,4.250957027361586,2.85057864350528,6.868350547794017,0.0,6.651818428576644,4.612411585531863,5.929001509350276,5.512691464316147,7.068023779366293,4.386037051212972,9.049903341102594,7.726481458533705,6.627872442212664,7.297534695476957,5.1115998427666,9.557643755463243,6.22362013520561,6.016189843103736,5.862665110414425,8.333392484545595,4.951483136227605,6.836088322956481,5.877722452794494,5.726079977117388,4.672006594116932,5.126886299571552,9.485716768165299,6.564743494728684,5.782055281166996,6.600510393067885,5.144109009357385,7.2820731144139135,6.455366889531593,5.156506156249392,9.158718996907758,6.254938058151782,5.695726798842404,5.25488112883429,4.827510644587031,8.263467101692507,9.24359875050112,4.954625357087569
R2_VillagesTrails_ThreeClusters,7.234506807543339,8.037246968934978,8.234049428829653,7.040966546212968,7.328190319057777,7.535418819622075,7.352219289887903,8.921314676057337,6.329099213200591,8.553853523557308,9.97411512159802,5.949531956148612,14.113323932308665,7.283662507090626,7.358903403216379,5.787083957730291,7.080575123672279,7.386346974972167,5.024552771948711,5.082675323530847,6.308649180585829,6.651818428576644,0.0,6.079180858315795,5.769392814889289,6.434124248935354,8.703889533335294,5.678223011499264,9.011359138950002,7.668009972301808,3.8727519167878675,6.76962466715497,5.13330360184328,9.355851362026257,5.764216487130751,6.336118703477629,5.698706905990639,7.426942235146704,5.63864889041038,4.105056314730019,5.279522594205408,5.302391777900837,4.936748572634716,4.750196877301975,6.438789159510468,7.051486291487848,5.418428197888179,6.4988218387460615,5.592087325600539,7.085828553468036,6.136602606779254,5.084625086440557,9.078616204548979,6.174335895012369,5.891294415740365,5.079008159628339,4.652937772805284,8.201459364713456,9.190659230317571,5.0907649887152955
R3_WildlifeTracking,8.156092102710224,8.439370046739729,9.236729728526251,7.991312249212056,8.25552723249648,8.431581148191256,8.266366409497863,7.200484708150703,4.642268968226304,6.03355236943961,10.145455553972674,4.5231648815867596,14.679726171870444,7.924354116963916,8.120601374044353,6.690648097454113,8.058574181193675,8.299863683029193,3.607036033943482,2.854135122347357,6.720612536077184,4.612411585531863,6.079180858315795,0.0,6.043724005328122,5.696010166586584,7.53068226568251,4.821887910243628,8.873840512277773,7.501667955915008,6.550859395417898,7.27566527447883,4.534163707316586,9.512440656051197,6.6488724013042555,6.0489162492361945,5.914878241236371,8.325466737809741,4.870362282698597,6.900808132385434,5.571400105876915,4.982062383812772,4.3471029517962565,4.998672991336192,8.899670414201369,6.352218018837403,5.327717791246362,6.282962630098085,4.922522383256865,6.96771413914172,5.823539689967656,4.691833829993346,8.715066114682585,6.020667914790052,5.2702969642897175,4.685547656309382,4.364375607699643,8.070310266846215,9.117044233570951,4.711582334261267
R4_ParkRangers_HelsinkiMedium,7.538470989270627,7.791873736220059,8.888988966989656,7.353180619099984,7.635130851899323,7.828204648322445,7.652790812540164,9.12100882659624,6.80716948741978,9.015103414393002,10.357874249156998,6.565797955108081,14.322294443142027,4.094132286001491,4.36852445512615,5.573506024187706,7.4101265901327125,7.688464609748736,5.020065162367685,4.925886915499781,6.379940389852348,5.929001509350276,5.769392814889289,6.043724005328122,0.0,6.195750859047729,8.444274066697787,5.614508207210837,9.152583611382665,7.863050038032754,6.8577861482594065,8.236393509982689,5.598265943544156,9.603116474969285,2.5433703306143185,6.426051273954322,6.1136661999970325,8.690136870879396,5.694326805082189,7.0587408146672574,5.841554266844285,5.737302027273035,5.27691577731592,5.479346076516035,9.195623938699832,7.017650677017625,5.62651452385162,6.740585912193611,5.618835346969878,7.292939595096986,6.306866656288762,5.258197786688994,9.245424014002147,6.4527553697291875,6.00031270253771,5.3619319296492645,4.987152379758024,8.411922334719083,9.381355721207598,5.331149387829441
R5_MountainRescue,7.513980312797519,8.176974167116985,7.935693127634567,6.980946766287564,7.022494063202516,7.534469101672414,7.141768715376226,8.68236198537769,4.8027375305985816,9.269784067666965,8.605171557317572,5.577821486764993,13.450045223395737,7.348320742906886,7.438981512011772,6.062940574422189,7.2280558175421445,7.6983687312963855,3.801180241184248,4.249730407756796,5.655612374954597,5.512691464316147,6.434124248935354,5.696010166586584,6.195750859047729,0.0,8.167245092522586,3.2907481957904574,8.69920443567339,7.279336968526501,5.898763490865227,6.3517139509789695,3.5323062736043838,8.40170478358715,6.319978334152102,1.2994739330795444,3.328933327862019,7.51505089134545,3.0071501960869083,6.563128670861194,4.542890046590642,3.3745295314901083,3.9956207300072886,4.3757664595866075,9.280320354263685,5.658493376783021,3.2653468734634075,6.301915826536126,3.177307653607685,5.826831157132654,5.504418844878865,3.937249142565836,9.077163065698961,5.733689166783727,2.1122346933119176,3.2653495765067833,4.014509274489485,7.882841523103979,8.46104063298227,4.039340742870667
R6_SparseLongRange,10.201867408799279,9.763931363829068,10.657089735666116,10.27443584911813,9.886937965258078,9.860420511008659,9.406735642130778,10.70790910989567,8.457958891468113,10.532944720106473,12.129519074060816,8.252856671829733,15.745948575334959,8.671007680205747,9.644942753289627,8.638872561755464,9.721566845430976,9.899996243929436,7.400193240900265,6.881005189628135,8.914252889129306,7.068023779366293,8.703889533335294,7.53068226568251,8.444274066697787,8.167245092522586,0.0,7.3827411572284465,10.54166267578764,5.614280398785244,8.864157053885185,9.58958578109013,7.806242875757735,11.198214292513171,8.755192315408525,8.51276744125268,8.329034884103681,10.408279954591702,8.008041388516636,9.191901490678132,8.226080841512097,8.305134669317598,7.478417869753343,7.791323195125729,11.077212374147983,6.8551472108106,8.099330016000476,8.781979449547304,8.142148159620975,9.186973799588987,6.439635522691204,7.98943530291661,10.891353452584008,8.544849990676711,7.950660495859991,7.4105696447545055,7.863208202964375,10.107496752329507,10.60675104608979,7.450397132090704
R7_SparseTinyBuffer,7.038568012906436,7.632608279226718,7.071571640375868,6.500052793704456,6.498844059722825,7.093448929622705,6.567656030928789,8.491063705811266,4.132590587774409,7.5049933956157275,9.25680294438703,4.887019120850929,14.039517704799612,6.8298772565549655,7.122940474162037,5.674881746930873,6.664674550861048,7.234995230567001,3.0532282998998173,3.0802144142863934,5.441268524607204,4.386037051212972,5.678223011499264,4.821887910243628,5.614508207210837,3.2907481957904574,7.3827411572284465,0.0,8.305940657154613,6.864082047503611,5.394360862745074,6.40766114161937,2.179378928006253,8.14909762402048,5.679670408712705,3.5313663745156214,4.333682687304484,7.543997679412224,1.4991657712802173,5.968170613026624,4.03779673651225,2.3764918847837557,2.8391552591297144,3.570827315339157,8.884404354319239,4.924292120509469,1.9487928532732715,6.719312391120748,1.3351066981195128,6.4012986429973004,4.881152688750027,3.032590303679494,8.428223742073397,5.195398224815669,2.092016643209433,2.2753956233665225,3.402731569911687,7.494144439860021,8.104531647620504,2.709396294355156
R8_IntermittentPower,10.159103626742004,10.72149977142869,10.808928357475079,10.048174265489221,10.161994826697534,10.30179203815474,10.124554900405828,10.930747213420716,8.867844542302112,10.763551030277425,11.769136596167515,8.747629702571404,15.64177997926307,9.922232969076338,10.101195369458262,9.141685015328896,10.013847428048136,10.218935260265598,7.880074761324472,8.085440405660677,8.80248121484506,9.049903341102594,9.011359138950002,8.873840512277773,9.152583611382665,8.69920443567339,10.54166267578764,8.305940657154613,0.0,9.920055922343563,8.911952097424996,9.830494525107925,8.204175708322003,11.282075090910029,9.195510363213005,8.684081088258639,8.412209202481444,10.609654290239293,8.277263541655017,9.435384459680133,8.08894517721434,8.220247478472206,7.869104477386388,7.96498236039772,11.409064560297203,8.788656730939127,8.203116253501094,9.162787803151017,8.290824780773358,9.489370212697468,8.459177157747428,7.931926778722848,11.082637008795102,8.813877141139008,8.346868752978368,8.02779268176226,7.851662544058705,10.337359789015629,11.099099437401623,7.875144056224833
R9_ExtremeRange_200m,8.875750081537516,9.576572053271462,9.67249089151348,8.762566476741371,9.010428854849504,9.204727478885486,8.946538636029777,9.520488060050821,7.289941527231245,9.560238408367976,10.619782728443083,7.430510467821379,13.473981409657899,8.935434243757095,8.784225208748595,7.841667775635994,8.724802032348151,8.903839998091394,6.4328000817904485,6.564900575695454,7.23947500810681,7.726481458533705,7.668009972301808,7.501667955915008,7.863050038032754,7.279336968526501,5.614280398785244,6.864082047503611,9.920055922343563,0.0,7.5072811872061775,8.586331931820974,6.728359429562236,10.230918316966651,7.8592625581391,7.31441643796833,6.939182867784525,9.461168419325698,6.6976937285141815,8.095543260186046,6.474069531974807,6.640635491718022,6.207111683536651,6.3262324136005095,10.375790911071368,7.79455971405072,6.749080456923906,7.693425950678106,6.927354071831701,7.9646234380930006,7.225400093650781,6.336348337847076,9.996693264548393,7.4280544338651495,7.053778259565603,6.418855304616369,6.2486348477307985,9.183497759672099,10.04174302243927,6.465423776322108
D1_ShelterHotspots_Clusters,7.0096131635036745,8.264957549030973,7.453391418124874,6.809156504111033,7.0974874272349044,7.316370606947728,7.126382819003739,8.633535639098504,6.165310486812167,8.776790988800283,9.444422051304041,6.104404135321465,13.846813321267295,7.769681146716506,7.584100731417141,6.344630466943937,6.875387801858532,7.159194267634712,4.69608115515318,5.19538904343321,5.600113647866009,6.627872442212664,3.8727519167878675,6.550859395417898,6.8577861482594065,5.898763490865227,8.864157053885185,5.394360862745074,8.911952097424996,7.5072811872061775,0.0,4.915710596463315,4.977834515656895,8.914649166503898,5.988090433347655,5.485206756254539,4.822621197597764,6.355726383277497,5.104375412638391,2.7867069556769364,3.969629430632984,4.912786842529996,4.234082536183796,3.666695961690496,6.158459628680981,6.230287605477001,5.143124602588078,6.27725703777957,5.3387431364583575,6.64450781378661,5.933154308952322,4.584904010113004,9.08063166021271,5.912722814404318,5.342147978949537,4.79472062661227,4.30672904291947,8.011316380566756,9.01585908390536,4.491288243971482
D2_PartitionedCity_MuleBridge,8.637561581552028,9.684362349207746,9.105951171849807,8.475901133507021,8.696967372587816,8.890141211290839,8.725256732254211,9.17847643288976,6.759099147893929,9.209477530004245,10.300934925489424,7.240521029672322,14.553909253647783,9.17161879693948,9.078248147049989,8.042417361846601,8.583792059812742,8.749932138663903,5.428122305267781,6.257701898547716,7.21901138519649,7.297534695476957,6.76962466715497,7.27566527447883,8.236393509982689,6.3517139509789695,9.58958578109013,6.40766114161937,9.830494525107925,8.586331931820974,4.915710596463315,0.0,6.545300664209015,9.904316273576185,7.767084634300612,6.318384385873146,6.540464124444749,4.29193909369581,5.901837534165508,4.816246541350137,5.768042807023789,6.230210680702996,5.528502070609736,5.76002478736658,8.30454683662801,6.228647635598061,6.498788194713154,7.504390137075031,6.3361892112687555,7.609114177704843,6.984089218114859,5.664707765873724,9.893602349600236,7.245928876188009,6.0798300117748765,6.247348208743275,5.915011063626757,9.037441126790384,9.941424620792366,5.698010304034027
D3_Aftershock_ErraticMobility,6.819664853170208,7.824830246417655,6.941995618082917,6.225867784712857,6.269068993895349,6.8177489375124605,6.4039562334011935,8.101681604939529,3.2053871108577106,6.7933672419041695,8.935200702809805,4.009574805333705,13.858305569892002,7.071638940151239,7.046395333408717,5.697734063116745,6.486545455035362,7.017090357358591,2.7931319318548944,3.10387478889246,4.9691524111731065,5.1115998427666,5.13330360184328,4.534163707316586,5.598265943544156,3.5323062736043838,7.806242875757735,2.179378928006253,8.204175708322003,6.728359429562236,4.977834515656895,6.545300664209015,0.0,7.961989547100682,5.497794040844517,3.332701441092954,4.12116183805559,7.632186377085839,1.7088500117152883,5.608423441697648,3.3643201535821876,1.2793313814094274,2.6765326703653205,2.888149501937921,8.618288986126297,5.367203212787168,2.067628066284831,5.28031950717606,2.116235146335824,4.8642690125897134,4.816157435436797,3.103811861542597,8.391952203100889,4.858183062288822,2.5051603443400112,1.415085880710206,2.664652626440396,7.267178183551511,7.88617401849528,3.056671906324244
D4_MedicalTriage_TwoClasses,10.05642860421873,10.82029355404122,10.174933420160547,9.663278113136542,9.68709975930263,10.053218167856897,9.77682928030023,11.22991067155871,8.73783391583095,10.880569652489314,8.939901684974192,9.089456206374438,15.576968537116272,10.218531972734503,10.153332146142452,9.287678506422468,9.833809960039329,10.18795059150457,8.356052860408248,8.641007946978297,8.842042756662279,9.557643755463243,9.355851362026257,9.512440656051197,9.603116474969285,8.40170478358715,11.198214292513171,8.14909762402048,11.282075090910029,10.230918316966651,8.914649166503898,9.904316273576185,7.961989547100682,0.0,9.355534415897989,8.255666158411913,8.587546231110775,9.417427770547931,7.975651212525573,9.468411112487393,8.187294656597576,7.900004553161809,8.245592490827809,8.140272317546113,11.359874351335312,9.363952095996513,7.912336809463851,9.375058775131711,8.056254080048417,9.048503093364541,9.077612830252276,8.29442367266113,11.543721065839415,7.6934803856989795,8.119150682490417,7.866356505863033,8.185605580228215,4.500019335940552,8.022696237252768,8.312425580299744
