,U10_WorkdayLong_HelsinkiMedium,U11_OfficeWaitHeavyTail_HelsinkiMedium,U12_HighTimeVariance_HelsinkiMedium,U1_CBD_Commuting_HelsinkiMedium,U2_RetailHeavy_HelsinkiMedium,U3_NightlifeClusters_HelsinkiMedium,U4_RainyDay_SlowMobility_HelsinkiMedium,U5_SparseSuburb_HelsinkiMedium,U6_DenseDowntown_HelsinkiMedium,U7_MicroMobility_HelsinkiMedium,U8_CongestionHotspot_HelsinkiMedium,U9_WorkdayShort_HelsinkiMedium,C1_Campus_ClassChange,C2_ExamDay_LongStays,C3_Hackathon_24h,C4_Stadium_IngressEgress,C5_Festival_MultiHotspots_HelsinkiMedium,C6_Conference_Networking_HelsinkiMedium,C7_Library_Quiet,C8_EmergencyDrill_Evacuation,V1_TaxiLow_HelsinkiMedium,V2_TaxiHigh_HelsinkiMedium,V3_BusOnlyCarriers_HelsinkiMedium,V4_MixedBusPed_HelsinkiMedium,V5_RushHourBusDensity_HelsinkiMedium,V6_CarOwnership_0_HelsinkiMedium,V7_CarOwnership_100_HelsinkiMedium,V8_RoadClosure_HelsinkiMedium,R1_Rural_RandomWaypoint,R2_VillagesTrails_ThreeClusters,R3_WildlifeTracking,R4_ParkRangers_HelsinkiMedium,R5_MountainRescue,R6_SparseLongRange,R7_SparseTinyBuffer,R8_IntermittentPower,D1_ShelterHotspots_Clusters,D2_PartitionedCity_MuleBridge,D3_Aftershock_ErraticMobility,D4_MedicalTriage_TwoClasses,D5_UAVMule_FastRoute_HelsinkiMedium,D6_ShortTtlCritical_5to10min,D7_HighLoad_TrafficStorm,D8_InfrastructureReturns_BackboneLinks,S1_StrongCommunities_SeparateClusters,S2_WeakCommunities_HighMixing,S3_PeriodicMeetings_RegularRhythm,S4_RandomMixing_NoHotspots,S5_TwoLayer_StudentsStaff,S6_FamilyGroups_SmallPersistent,T10_HighRateLowSpeed_Congestion,T1_ManySmallMsgs_HighRate,T2_FewHugeMsgs_LowRate,T3_MixedBimodal_SmallAndLarge,T4_VeryShortTtl_5to10min,T5_VeryLongTtl_6to24h,T6_UniformSources_RandomFromTo,T7_TargetedToHubs_FewDestinations,T8_BurstTraffic_TimeWindows,T9_BufferStress_SmallBufferHighTraffic
U10_WorkdayLong_HelsinkiMedium,0.0,0.0,0.0,0.0,0.0,0.0,0.5884868897770675,2.4993278588456045,1.4695758611078773,5.1692679391815,0.0,0.0,9.701774534671497,7.225011804164519,9.772969848682921,10.260666920938357,0.3637862428079167,0.7275724856158331,7.527323497846446,11.98890467171522,5.9019299763194555,5.498464093799622,3.4624322031348918,0.0,0.10913587284237504,0.0,0.0,0.0,5.971562474975002,5.9141700569713125,6.900811948502489,6.322129597916782,6.642043378478764,11.082155971616658,6.758068301074475,9.237373587476501,5.681524813936198,5.7686575485434854,4.89153285249509,9.687594782135548,5.437123726298071,6.472868128555755,5.522840358089505,6.449965058369517,5.526958413030821,4.851284582814603,5.135468735993561,4.740391377080584,4.4579247973618505,8.87670045071698,7.392937789142588,4.914229922132928,9.338568528393921,6.08452049393991,6.142549110793411,5.8628570039370755,4.913359289336727,8.39279484454389,9.126679973161453,6.466503243766094
U11_OfficeWaitHeavyTail_HelsinkiMedium,0.0,0.0,0.0,0.0,0.0,0.0,0.5884868897770675,2.4993278588456045,1.4695758611078773,5.1692679391815,0.0,0.0,9.701774534671497,7.225011804164519,9.772969848682921,10.260666920938357,0.3637862428079167,0.7275724856158331,7.527323497846446,11.98890467171522,5.9019299763194555,5.498464093799622,3.4624322031348918,0.0,0.10913587284237504,0.0,0.0,0.0,5.971562474975002,5.9141700569713125,6.900811948502489,6.322129597916782,6.642043378478764,11.082155971616658,6.758068301074475,9.237373587476501,5.681524813936198,5.7686575485434854,4.89153285249509,9.687594782135548,5.437123726298071,6.472868128555755,5.522840358089505,6.449965058369517,5.526958413030821,4.851284582814603,5.135468735993561,4.740391377080584,4.4579247973618505,8.87670045071698,7.392937789142588,4.914229922132928,9.338568528393921,6.08452049393991,6.142549110793411,5.8628570039370755,4.913359289336727,8.39279484454389,9.126679973161453,6.466503243766094
U12_HighTimeVariance_HelsinkiMedium,0.0,0.0,0.0,0.0,0.0,0.0,0.5884868897770675,2.4993278588456045,1.4695758611078773,5.1692679391815,0.0,0.0,9.701774534671497,7.225011804164519,9.772969848682921,10.260666920938357,0.3637862428079167,0.7275724856158331,7.527323497846446,11.98890467171522,5.9019299763194555,5.498464093799622,3.4624322031348918,0.0,0.10913587284237504,0.0,0.0,0.0,5.971562474975002,5.9141700569713125,6.900811948502489,6.322129597916782,6.642043378478764,11.082155971616658,6.758068301074475,9.237373587476501,5.681524813936198,5.7686575485434854,4.89153285249509,9.687594782135548,5.437123726298071,6.472868128555755,5.522840358089505,6.449965058369517,5.526958413030821,4.851284582814603,5.135468735993561,4.740391377080584,4.4579247973618505,8.87670045071698,7.392937789142588,4.914229922132928,9.338568528393921,6.08452049393991,6.142549110793411,5.8628570039370755,4.913359289336727,8.39279484454389,9.126679973161453,6.466503243766094
U1_CBD_Commuting_HelsinkiMedium,0.0,0.0,0.0,0.0,0.0,0.0,0.5884868897770675,2.4993278588456045,1.4695758611078773,5.1692679391815,0.0,0.0,9.701774534671497,7.225011804164519,9.772969848682921,10.260666920938357,0.3637862428079167,0.7275724856158331,7.527323497846446,11.98890467171522,5.9019299763194555,5.498464093799622,3.4624322031348918,0.0,0.10913587284237504,0.0,0.0,0.0,5.971562474975002,5.9141700569713125,6.900811948502489,6.322129597916782,6.642043378478764,11.082155971616658,6.758068301074475,9.237373587476501,5.681524813936198,5.7686575485434854,4.89153285249509,9.687594782135548,5.437123726298071,6.472868128555755,5.522840358089505,6.449965058369517,5.526958413030821,4.851284582814603,5.135468735993561,4.740391377080584,4.4579247973618505,8.87670045071698,7.392937789142588,4.914229922132928,9.338568528393921,6.08452049393991,6.142549110793411,5.8628570039370755,4.913359289336727,8.39279484454389,9.126679973161453,6.466503243766094
U2_RetailHeavy_HelsinkiMedium,0.0,0.0,0.0,0.0,0.0,0.0,0.5884868897770675,2.4993278588456045,1.4695758611078773,5.1692679391815,0.0,0.0,9.701774534671497,7.225011804164519,9.772969848682921,10.260666920938357,0.3637862428079167,0.7275724856158331,7.527323497846446,11.98890467171522,5.9019299763194555,5.498464093799622,3.4624322031348918,0.0,0.10913587284237504,0.0,0.0,0.0,5.971562474975002,5.9141700569713125,6.900811948502489,6.322129597916782,6.642043378478764,11.082155971616658,6.758068301074475,9.237373587476501,5.681524813936198,5.7686575485434854,4.89153285249509,9.687594782135548,5.437123726298071,6.472868128555755,5.522840358089505,6.449965058369517,5.526958413030821,4.851284582814603,5.135468735993561,4.740391377080584,4.4579247973618505,8.87670045071698,7.392937789142588,4.914229922132928,9.338568528393921,6.08452049393991,6.142549110793411,5.8628570039370755,4.913359289336727,8.39279484454389,9.126679973161453,6.466503243766094
U3_NightlifeClusters_HelsinkiMedium,0.0,0.0,0.0,0.0,0.0,0.0,0.5884868897770675,2.4993278588456045,1.4695758611078773,5.1692679391815,0.0,0.0,9.701774534671497,7.225011804164519,9.772969848682921,10.260666920938357,0.3637862428079167,0.7275724856158331,7.527323497846446,11.98890467171522,5.9019299763194555,5.498464093799622,3.4624322031348918,0.0,0.10913587284237504,0.0,0.0,0.0,5.971562474975002,5.9141700569713125,6.900811948502489,6.322129597916782,6.642043378478764,11.082155971616658,6.758068301074475,9.237373587476501,5.681524813936198,5.7686575485434854,4.89153285249509,9.687594782135548,5.437123726298071,6.472868128555755,5.522840358089505,6.449965058369517,5.526958413030821,4.851284582814603,5.135468735993561,4.740391377080584,4.4579247973618505,8.87670045071698,7.392937789142588,4.914229922132928,9.338568528393921,6.08452049393991,6.142549110793411,5.8628570039370755,4.913359289336727,8.39279484454389,9.126679973161453,6.466503243766094
U4_RainyDay_SlowMobility_HelsinkiMedium,0.5884868897770675,0.5884868897770675,0.5884868897770675,0.5884868897770675,0.5884868897770675,0.5884868897770675,0.0,2.567326415226753,1.582574076209865,5.202847232840964,0.5884868897770675,0.5884868897770675,9.565850968439968,6.984279688149444,9.58461087429349,10.140934927706105,0.6916470267700415,0.9354759541285877,7.293889028260757,11.972312526568068,6.061153862848481,5.661752376043801,3.5117860525415576,0.5884868897770675,0.5985916389804804,0.5884868897770675,0.5884868897770675,0.5884868897770675,5.712675183094809,5.652943703629033,6.639233146762978,6.118284595655514,6.454159466733449,10.938983435259896,6.540162712928063,9.086616608185087,5.4800479948607,5.537382210623762,4.594816548336993,9.580661381819219,5.242264197501157,6.288238458137935,5.335416018808611,6.244989418644899,5.2711446786727585,4.6630688513929135,4.844802448540439,4.436415990720645,4.195495814377254,8.694116390125663,7.206312615278739,4.628722078779369,9.191532761977319,5.85634715468335,5.916614059874273,5.625700365608448,4.627797733382964,8.228877059331698,8.976174000513769,6.252285706574069
U5_SparseSuburb_HelsinkiMedium,2.4993278588456045,2.4993278588456045,2.4993278588456045,2.4993278588456045,2.4993278588456045,2.4993278588456045,2.567326415226753,0.0,3.6281154384616188,6.427093066133777,2.4993278588456045,2.4993278588456045,10.62020852784316,8.34190788622424,10.568085369028335,11.218882742236095,2.277633694602267,2.096013265341132,8.588607822469596,12.890836925704328,5.6590942617024576,5.5140982065447,3.0495638269724226,2.4993278588456045,2.5721508244354503,2.4993278588456045,2.4993278588456045,2.4993278588456045,4.931989044743989,6.4671658884148355,6.686572222500003,6.076437032937226,6.816984554779933,10.752383366073019,6.718747508576438,9.549169034348186,6.595117304735366,6.4115479865571094,5.5429757579868895,10.124861498993587,5.791409484965456,7.008450417546132,6.366138816842118,7.106631143975336,6.5135394263790936,6.285390401653195,6.053960567165746,5.517890416262363,5.522227375822066,9.24590199836326,7.855185260480168,5.585522540453937,9.70861825811695,6.638508564693365,6.691734894692207,6.43595358676136,5.58475655946111,8.802693430134603,9.504982569938713,6.990284008820372
U6_DenseDowntown_HelsinkiMedium,1.4695758611078773,1.4695758611078773,1.4695758611078773,1.4695758611078773,1.4695758611078773,1.4695758611078773,1.582574076209865,3.6281154384616188,0.0,4.634577379830274,1.4695758611078773,1.4695758611078773,9.926569700650983,7.590671811001183,10.098769489646255,10.370792804865,1.830130059508538,2.1917526591280985,7.911207043647473,12.104802541819957,6.710348684959098,6.147080763155415,4.698771958520385,1.4695758611078773,1.3617448852406921,1.4695758611078773,1.4695758611078773,1.4695758611078773,6.613533317288853,6.47246136062966,7.4986286551670736,7.097631710060586,7.187978689780897,11.61057705308579,7.222440763925424,9.609906227410642,5.877058235268799,6.040665052243685,5.320152534000243,9.964145984026432,5.8074999431992875,6.841301965872793,5.81554436375585,6.622844995115741,5.4436168914362675,5.07940836442233,5.592703064442478,5.130166893490643,4.760601877787589,9.223680119563468,7.785808801673016,5.487526334302472,9.65257228419378,6.556270218901238,6.61015878179832,6.351092960325061,5.486746672499836,8.740840625745273,9.447728662201454,6.9122321824222555
U7_MicroMobility_HelsinkiMedium,5.1692679391815,5.1692679391815,5.1692679391815,5.1692679391815,5.1692679391815,5.1692679391815,5.202847232840964,6.427093066133777,4.634577379830274,0.0,5.1692679391815,5.1692679391815,11.160376175385617,9.196640975682959,11.391447639711979,11.492116048617381,5.357838881852856,5.563831845199077,9.483685549977572,13.014409531232328,8.69682675507908,8.148736236432018,7.2529658062248465,5.1692679391815,5.116386601682319,5.1692679391815,5.1692679391815,5.1692679391815,8.529891414217659,8.368912363773477,9.249426403460722,9.007912110877607,8.95313786942777,12.693175607881717,6.200344012237578,10.980697966099608,7.688806192380519,7.863659093581327,7.381900861731327,11.23333664224088,7.730590598464353,8.562074906110235,6.509861344524756,8.274534705609334,7.2017230938386225,7.0976325862361795,7.608150920155302,7.219055493461567,6.903077307804268,10.614701253308333,9.38997464889369,7.57713800944433,11.158972416533585,8.383842127616314,8.430380159449902,8.231284057384409,7.582769499427552,10.187217743669768,10.79906448104855,6.117441850798389
U8_CongestionHotspot_HelsinkiMedium,0.0,0.0,0.0,0.0,0.0,0.0,0.5884868897770675,2.4993278588456045,1.4695758611078773,5.1692679391815,0.0,0.0,9.701774534671497,7.225011804164519,9.772969848682921,10.260666920938357,0.3637862428079167,0.7275724856158331,7.527323497846446,11.98890467171522,5.9019299763194555,5.498464093799622,3.4624322031348918,0.0,0.10913587284237504,0.0,0.0,0.0,5.971562474975002,5.9141700569713125,6.900811948502489,6.322129597916782,6.642043378478764,11.082155971616658,6.758068301074475,9.237373587476501,5.681524813936198,5.7686575485434854,4.89153285249509,9.687594782135548,5.437123726298071,6.472868128555755,5.522840358089505,6.449965058369517,5.526958413030821,4.851284582814603,5.135468735993561,4.740391377080584,4.4579247973618505,8.87670045071698,7.392937789142588,4.914229922132928,9.338568528393921,6.08452049393991,6.142549110793411,5.8628570039370755,4.913359289336727,8.39279484454389,9.126679973161453,6.466503243766094
U9_WorkdayShort_HelsinkiMedium,0.0,0.0,0.0,0.0,0.0,0.0,0.5884868897770675,2.4993278588456045,1.4695758611078773,5.1692679391815,0.0,0.0,9.701774534671497,7.225011804164519,9.772969848682921,10.260666920938357,0.3637862428079167,0.7275724856158331,7.527323497846446,11.98890467171522,5.9019299763194555,5.498464093799622,3.4624322031348918,0.0,0.10913587284237504,0.0,0.0,0.0,5.971562474975002,5.9141700569713125,6.900811948502489,6.322129597916782,6.642043378478764,11.082155971616658,6.758068301074475,9.237373587476501,5.681524813936198,5.7686575485434854,4.89153285249509,9.687594782135548,5.437123726298071,6.472868128555755,5.522840358089505,6.449965058369517,5.526958413030821,4.851284582814603,5.135468735993561,4.740391377080584,4.4579247973618505,8.87670045071698,7.392937789142588,4.914229922132928,9.338568528393921,6.08452049393991,6.142549110793411,5.8628570039370755,4.913359289336727,8.39279484454389,9.126679973161453,6.466503243766094
C1_Campus_ClassChange,9.701774534671497,9.701774534671497,9.701774534671497,9.701774534671497,9.701774534671497,9.701774534671497,9.565850968439968,10.62020852784316,9.926569700650983,11.160376175385617,9.701774534671497,9.701774534671497,0.0,7.641288435932554,9.786729535792553,11.109470422664389,9.681271689171918,9.674414441114026,7.729405465659695,11.994246640834055,10.596186607412966,10.461029771553852,9.646303983542936,9.701774534671497,9.710574863008363,9.701774534671497,9.701774534671497,9.701774534671497,10.184517738375666,8.741951741405488,8.043901763775695,9.556318587518817,9.57465502661892,13.2143934953125,9.99803147584923,11.120662822284078,8.888234120994099,8.955352338081683,8.184891312731274,11.731568922473203,9.565094105405354,9.379931049420977,8.81285940154477,9.8149516961467,9.392023325452515,7.66353196533529,7.585771633458408,7.9737626837454165,7.934891124250518,11.278582180287275,9.783134760589162,8.107908086132328,9.853645069563216,8.765206028793523,8.683379054323304,8.188788460840723,7.850678611222552,10.440292279669864,11.17120188708949,9.119903662521773
C2_ExamDay_LongStays,7.225011804164519,7.225011804164519,7.225011804164519,7.225011804164519,7.225011804164519,7.225011804164519,6.984279688149444,8.34190788622424,7.590671811001183,9.196640975682959,7.225011804164519,7.225011804164519,7.641288435932554,0.0,5.100236631634817,8.869955893436268,7.178100359199363,7.149414998730456,0.8024631585729718,10.83756838910101,8.325512783845355,8.19817520341841,7.00289747033919,7.225011804164519,7.242589977298741,7.225011804164519,7.225011804164519,7.225011804164519,7.420775274813791,5.483459034207469,5.335890522018178,6.936606342903896,6.687813366653152,11.32811256043994,7.078857720202662,8.762879844932014,5.966233207828447,6.0385395364367405,4.052020806039146,9.60358967961038,7.0074101409695775,6.425798737202819,5.645494968899115,7.251572096771805,6.681470592195448,4.124712226396969,3.5541763727442457,4.262630548882062,4.417655512427944,8.882980465780648,6.8636326517075235,4.076073370173444,8.89005707048338,5.4267971038143195,5.48784741691242,5.1631293327569905,4.064856833425885,7.927329664441538,8.703976485642867,5.854545672690786
C3_Hackathon_24h,9.772969848682921,9.772969848682921,9.772969848682921,9.772969848682921,9.772969848682921,9.772969848682921,9.58461087429349,10.568085369028335,10.098769489646255,11.391447639711979,9.772969848682921,9.772969848682921,9.786729535792553,5.100236631634817,0.0,12.129289891890643,9.724565006930115,9.689585664292697,5.205626617739364,13.98310918790631,10.52681227000583,10.46506603972468,9.504732238756299,9.772969848682921,9.790080947465151,9.772969848682921,9.772969848682921,9.772969848682921,9.556941296923014,8.186478921890123,6.847924812610997,9.292886290405121,10.37758752233512,12.736777324130514,9.40944101819857,10.773212740230596,8.821456724534015,8.79391542412511,7.238528738623915,11.571043643264163,9.53231383093482,10.25293857797132,9.83447551529336,9.680226519810107,9.26608523944299,7.72294983213573,7.140834019837826,7.57865788020962,7.810769030530215,10.582933319020142,9.313280929929864,7.500914034785452,10.835198211645185,8.308279099239275,8.343110278081094,8.120802268150738,7.483774760896243,10.11778417818361,10.742669397229092,8.597423285665052
C4_Stadium_IngressEgress,10.260666920938357,10.260666920938357,10.260666920938357,10.260666920938357,10.260666920938357,10.260666920938357,10.140934927706105,11.218882742236095,10.370792804865,11.492116048617381,10.260666920938357,10.260666920938357,11.109470422664389,8.869955893436268,12.129289891890643,0.0,10.266653843980686,10.285512019472863,8.935797487261128,12.045540728966168,11.28520864747185,11.071899304420871,10.397610796316641,10.260666920938357,10.261385373496658,10.260666920938357,10.260666920938357,10.260666920938357,11.056755629785938,9.84390556628389,10.64495215695725,10.696112011856219,9.485009620379723,14.088828532670759,10.707204645723627,11.864402849020584,9.629653415898266,9.818215329419091,9.10514330722035,9.691169296735618,10.351623979364744,9.180819880273544,8.501537690618669,9.27621348615617,10.125994013870969,8.564660231501149,8.773766173022258,8.984986910147185,8.849357152207709,12.221626150278803,10.498867019192891,8.92842299275099,11.957818872223736,8.176491316441142,9.660454296837662,9.486840484039366,8.929488592473465,9.716961110199543,4.525139585504204,9.868348635816625
C5_Festival_MultiHotspots_HelsinkiMedium,0.3637862428079167,0.3637862428079167,0.3637862428079167,0.3637862428079167,0.3637862428079167,0.3637862428079167,0.6916470267700415,2.277633694602267,1.830130059508538,5.357838881852856,0.3637862428079167,0.3637862428079167,9.681271689171918,7.178100359199363,9.724565006930115,10.266653843980686,0.0,0.36378624280791644,7.473689228211962,12.00029127965422,5.740521852776228,5.386632540912645,3.18365681801876,0.3637862428079167,0.4729221156502917,0.3637862428079167,0.3637862428079167,0.3637862428079167,5.857414515468361,5.823944166602606,6.792547016487655,6.167423804217398,6.549720419213696,11.012829401447023,6.6871572743714465,9.178426200097142,5.690762372914277,5.75710227872522,4.847994014039288,9.651992652865406,5.402868232191475,6.429744814647527,5.508390758676412,6.4580943790454945,5.607654309506574,4.862297867811661,5.081024334655408,4.709506080668378,4.454893730699702,8.825838576952272,7.3372041985412055,4.829978470401789,9.294509048705457,6.01667897914896,6.075355617201937,5.792419921377613,4.829092648010567,8.343742661393668,9.081592571210436,6.402710402524514
C6_Conference_Networking_HelsinkiMedium,0.7275724856158331,0.7275724856158331,0.7275724856158331,0.7275724856158331,0.7275724856158331,0.7275724856158331,0.9354759541285877,2.096013265341132,2.1917526591280985,5.563831845199077,0.7275724856158331,0.7275724856158331,9.674414441114026,7.149414998730456,9.689585664292697,10.285512019472863,0.36378624280791644,0.0,7.437482314564811,12.022679702401112,5.598132340337914,5.297470503150248,2.9236254153775803,0.7275724856158331,0.8367083584582081,0.7275724856158331,0.7275724856158331,0.7275724856158331,5.764003129806746,5.755338800587294,6.702302981416802,6.030720601197834,6.476543503987964,10.95515051162812,6.635460686590107,9.13359869315285,5.7231555473788855,5.768511440913603,4.831529688845488,9.6300110352994,5.392989589706886,6.407019261264416,5.517939175137199,6.486647641427961,5.71042776606059,4.900367319712838,5.052252794671517,4.706619328213987,4.481489000949786,8.789751028441668,7.299197394848389,4.772044549500309,9.264535369587534,5.970271609902165,6.029399889983906,5.744201050054136,4.771147970975173,8.310340471811699,9.050913809518649,6.359120824175809
C7_Library_Quiet,7.527323497846446,7.527323497846446,7.527323497846446,7.527323497846446,7.527323497846446,7.527323497846446,7.293889028260757,8.588607822469596,7.911207043647473,9.483685549977572,7.527323497846446,7.527323497846446,7.729405465659695,0.8024631585729718,5.205626617739364,8.935797487261128,7.473689228211962,7.437482314564811,0.0,10.556113301476548,8.538060982511013,8.431788504769791,7.24800971079572,7.527323497846446,7.54675972305407,7.527323497846446,7.527323497846446,7.527323497846446,7.692126640919294,5.793567979076353,5.691360845074759,7.176708429291997,6.950372537891914,11.496802198827547,7.347462546701826,8.961075528801162,6.298001609921839,6.37314697067573,4.511738598363007,9.791212920351594,7.2944221672681495,6.714508576580489,5.98338759070356,7.53988830502476,7.018843203665984,4.558034919169249,4.0395079960276545,4.706784185949659,4.852708440118897,9.085685826230439,7.122376720561786,4.497529756105371,9.1086084239977,5.751653432475962,5.811148630748659,5.510105022722909,4.491974986008015,8.153927853458727,8.909180993857213,6.155602618864484
C8_EmergencyDrill_Evacuation,11.98890467171522,11.98890467171522,11.98890467171522,11.98890467171522,11.98890467171522,11.98890467171522,11.972312526568068,12.890836925704328,12.104802541819957,13.014409531232328,11.98890467171522,11.98890467171522,11.994246640834055,10.83756838910101,13.98310918790631,12.045540728966168,12.00029127965422,12.022679702401112,10.556113301476548,0.0,12.81572082404408,12.573031870252859,12.152769660949978,11.98890467171522,11.987639522634638,11.98890467171522,11.98890467171522,11.98890467171522,13.521642200292119,12.122763693027954,13.254216877702964,12.792087062734756,11.962856148355808,16.00226047185167,13.158298187031658,14.04371301058495,12.058768009366656,12.333464785734767,11.891334193044676,14.253948160076297,12.352025466375474,11.683555324072293,11.060192537290717,12.630908171173965,12.296576465679552,11.03324311270897,11.569914357269257,11.738940465317564,11.49609679389151,14.170243673904977,12.909023775328631,11.659881638428157,14.214140404868706,12.199733461418909,12.231225585482077,12.095086294040506,11.663012487462929,13.502147111163104,13.969365499513994,12.399137688450336
V1_TaxiLow_HelsinkiMedium,5.9019299763194555,5.9019299763194555,5.9019299763194555,5.9019299763194555,5.9019299763194555,5.9019299763194555,6.061153862848481,5.6590942617024576,6.710348684959098,8.69682675507908,5.9019299763194555,5.9019299763194555,10.596186607412966,8.325512783845355,10.52681227000583,11.28520864747185,5.740521852776228,5.598132340337914,8.538060982511013,12.81572082404408,0.0,0.9831632747457446,4.758801173421567,5.9019299763194555,5.95383457145134,5.9019299763194555,5.9019299763194555,5.9019299763194555,6.865114946174157,7.100958111837495,7.668511598726756,3.8139057359064457,7.483605507786822,11.536679062999108,7.748663046095259,9.928276782936486,7.5251443007621,7.437558471198953,6.460283577736438,10.492304186049452,4.071594544678644,7.6566637538741755,7.059256077024789,8.034750392033525,7.838820032421168,6.664337734351669,6.61202844399924,6.4522723883224735,6.414945501036143,10.16742154914347,8.354888987176878,6.2688353433076855,10.117188492532222,7.222882421519247,7.271832672196597,7.037167973164418,6.268152865081425,9.251359150769117,9.921941753831423,7.547470108291545
V2_TaxiHigh_HelsinkiMedium,5.498464093799622,5.498464093799622,5.498464093799622,5.498464093799622,5.498464093799622,5.498464093799622,5.661752376043801,5.5140982065447,6.147080763155415,8.148736236432018,5.498464093799622,5.498464093799622,10.461029771553852,8.19817520341841,10.46506603972468,11.071899304420871,5.386632540912645,5.297470503150248,8.431788504769791,12.573031870252859,0.9831632747457446,0.0,4.796945525803336,5.498464093799622,5.536236026099054,5.498464093799622,5.498464093799622,5.498464093799622,6.820007720288801,7.003341612626206,7.67027745740846,3.908840804766471,7.389371021277581,11.53275042544209,7.636184321810616,9.851826281474702,7.191457158721877,7.163486043999007,6.2443484207060935,10.350290278409197,3.5900123639429835,7.4527796622653515,6.749784835644911,7.743741853816541,7.414788323384198,6.28175209342256,6.4069778933084764,6.186150784919804,6.072415702452039,10.087030662650749,8.22450023247429,6.093827334778273,10.015022831914317,7.07194897965113,7.122441895407386,6.883905320576861,6.094256982452243,9.134236467378821,9.812322000146862,7.4028048504189226
V3_BusOnlyCarriers_HelsinkiMedium,3.4624322031348918,3.4624322031348918,3.4624322031348918,3.4624322031348918,3.4624322031348918,3.4624322031348918,3.5117860525415576,3.0495638269724226,4.698771958520385,7.2529658062248465,3.4624322031348918,3.4624322031348918,9.646303983542936,7.00289747033919,9.504732238756299,10.397610796316641,3.18365681801876,2.9236254153775803,7.24800971079572,12.152769660949978,4.758801173421567,4.796945525803336,0.0,3.4624322031348918,3.549067389765931,3.4624322031348918,3.4624322031348918,3.4624322031348918,5.238316994064963,5.379739988730459,6.197554731884614,5.233075964406711,6.073695632828006,10.64110979935242,6.3583162059643135,8.893517560637823,5.913960090329501,5.846866157523122,4.759626501319177,9.51802618247475,5.355805564694029,6.295419329550885,5.586913058883177,6.655551130396987,6.260467985913221,5.122949241315434,4.910052566665835,4.710588839428619,4.645189644378714,8.599432367215526,7.099690825516632,4.460912058243151,9.1081799951089,5.724637133038854,5.786276025415782,5.488458154382392,4.459952933597399,8.135667518181593,8.89080243826725,6.1290900519922165
V4_MixedBusPed_HelsinkiMedium,0.0,0.0,0.0,0.0,0.0,0.0,0.5884868897770675,2.4993278588456045,1.4695758611078773,5.1692679391815,0.0,0.0,9.701774534671497,7.225011804164519,9.772969848682921,10.260666920938357,0.3637862428079167,0.7275724856158331,7.527323497846446,11.98890467171522,5.9019299763194555,5.498464093799622,3.4624322031348918,0.0,0.10913587284237504,0.0,0.0,0.0,5.971562474975002,5.9141700569713125,6.900811948502489,6.322129597916782,6.642043378478764,11.082155971616658,6.758068301074475,9.237373587476501,5.681524813936198,5.7686575485434854,4.89153285249509,9.687594782135548,5.437123726298071,6.472868128555755,5.522840358089505,6.449965058369517,5.526958413030821,4.851284582814603,5.135468735993561,4.740391377080584,4.4579247973618505,8.87670045071698,7.392937789142588,4.914229922132928,9.338568528393921,6.08452049393991,6.142549110793411,5.8628570039370755,4.913359289336727,8.39279484454389,9.126679973161453,6.466503243766094
V5_RushHourBusDensity_HelsinkiMedium,0.10913587284237504,0.10913587284237504,0.10913587284237504,0.10913587284237504,0.10913587284237504,0.10913587284237504,0.5985916389804804,2.5721508244354503,1.3617448852406921,5.116386601682319,0.10913587284237504,0.10913587284237504,9.710574863008363,7.242589977298741,9.790080947465151,10.261385373496658,0.4729221156502917,0.8367083584582081,7.54675972305407,11.987639522634638,5.95383457145134,5.536236026099054,3.549067389765931,0.10913587284237504,0.0,0.10913587284237504,0.10913587284237504,0.10913587284237504,6.009679462031278,5.945312840614485,6.936683032234679,6.371859799331886,6.673359259847334,11.105193587384036,6.783002606133085,9.25777254784757,5.683293176246449,5.776588756320209,4.9097780724774225,9.700910502540754,5.4520937232540545,6.489726928462143,5.531834908059109,6.451525547940133,5.507206805685027,4.853295925015418,5.156696729588363,4.755048058746849,4.4646176623473055,8.894804042318135,7.413058143096072,4.944447148709054,9.354505013003088,6.108951752957725,6.166750477950233,5.888208057414795,4.943581837585174,8.410523597338813,9.142985793016242,6.489496596842309
V6_CarOwnership_0_HelsinkiMedium,0.0,0.0,0.0,0.0,0.0,0.0,0.5884868897770675,2.4993278588456045,1.4695758611078773,5.1692679391815,0.0,0.0,9.701774534671497,7.225011804164519,9.772969848682921,10.260666920938357,0.3637862428079167,0.7275724856158331,7.527323497846446,11.98890467171522,5.9019299763194555,5.498464093799622,3.4624322031348918,0.0,0.10913587284237504,0.0,0.0,0.0,5.971562474975002,5.9141700569713125,6.900811948502489,6.322129597916782,6.642043378478764,11.082155971616658,6.758068301074475,9.237373587476501,5.681524813936198,5.7686575485434854,4.89153285249509,9.687594782135548,5.437123726298071,6.472868128555755,5.522840358089505,6.449965058369517,5.526958413030821,4.851284582814603,5.135468735993561,4.740391377080584,4.4579247973618505,8.87670045071698,7.392937789142588,4.914229922132928,9.338568528393921,6.08452049393991,6.142549110793411,5.8628570039370755,4.913359289336727,8.39279484454389,9.126679973161453,6.466503243766094
V7_CarOwnership_100_HelsinkiMedium,0.0,0.0,0.0,0.0,0.0,0.0,0.5884868897770675,2.4993278588456045,1.4695758611078773,5.1692679391815,0.0,0.0,9.701774534671497,7.225011804164519,9.772969848682921,10.260666920938357,0.3637862428079167,0.7275724856158331,7.527323497846446,11.98890467171522,5.9019299763194555,5.498464093799622,3.4624322031348918,0.0,0.10913587284237504,0.0,0.0,0.0,5.971562474975002,5.9141700569713125,6.900811948502489,6.322129597916782,6.642043378478764,11.082155971616658,6.758068301074475,9.237373587476501,5.681524813936198,5.7686575485434854,4.89153285249509,9.687594782135548,5.437123726298071,6.472868128555755,5.522840358089505,6.449965058369517,5.526958413030821,4.851284582814603,5.135468735993561,4.740391377080584,4.4579247973618505,8.87670045071698,7.392937789142588,4.914229922132928,9.338568528393921,6.08452049393991,6.142549110793411,5.8628570039370755,4.913359289336727,8.39279484454389,9.126679973161453,6.466503243766094
V8_RoadClosure_HelsinkiMedium,0.0,0.0,0.0,0.0,0.0,0.0,0.5884868897770675,2.4993278588456045,1.4695758611078773,5.1692679391815,0.0,0.0,9.701774534671497,7.225011804164519,9.772969848682921,10.260666920938357,0.3637862428079167,0.7275724856158331,7.527323497846446,11.98890467171522,5.9019299763194555,5.498464093799622,3.4624322031348918,0.0,0.10913587284237504,0.0,0.0,0.0,5.971562474975002,5.9141700569713125,6.900811948502489,6.322129597916782,6.642043378478764,11.082155971616658,6.758068301074475,9.237373587476501,5.681524813936198,5.7686575485434854,4.89153285249509,9.687594782135548,5.437123726298071,6.472868128555755,5.522840358089505,6.449965058369517,5.526958413030821,4.851284582814603,5.135468735993561,4.740391377080584,4.4579247973618505,8.87670045071698,7.392937789142588,4.914229922132928,9.338568528393921,6.08452049393991,6.142549110793411,5.8628570039370755,4.913359289336727,8.39279484454389,9.126679973161453,6.466503243766094
R1_Rural_RandomWaypoint,5.971562474975002,5.971562474975002,5.971562474975002,5.971562474975002,5.971562474975002,5.971562474975002,5.712675183094809,4.931989044743989,6.613533317288853,8.529891414217659,5.971562474975002,5.971562474975002,10.184517738375666,7.420775274813791,9.556941296923014,11.056755629785938,5.857414515468361,5.764003129806746,7.692126640919294,13.521642200292119,6.865114946174157,6.820007720288801,5.238316994064963,5.971562474975002,6.009679462031278,5.971562474975002,5.971562474975002,5.971562474975002,0.0,6.111882754609212,4.183837073034168,5.427497930541965,5.865185390052771,9.620686984356078,5.2624304918483285,8.872693584233863,6.240246391191699,5.468575538123752,3.966433871066605,9.849696433105082,5.718094289320405,6.300955503797697,5.8601924578709665,6.8290853000107,6.382607747423019,6.118475690086446,4.936986079202696,4.157545722253343,4.804853671497181,9.270895894063557,7.05283684538435,4.3878041994898975,9.019497401364525,5.663089948664306,5.719732642004593,5.404294867432317,4.372657571731036,8.090143579696207,8.854194413157057,6.075509676390428
R2_VillagesTrails_ThreeClusters,5.9141700569713125,5.9141700569713125,5.9141700569713125,5.9141700569713125,5.9141700569713125,5.9141700569713125,5.652943703629033,6.4671658884148355,6.47246136062966,8.368912363773477,5.9141700569713125,5.9141700569713125,8.741951741405488,5.483459034207469,8.186478921890123,9.84390556628389,5.823944166602606,5.755338800587294,5.793567979076353,12.122763693027954,7.100958111837495,7.003341612626206,5.379739988730459,5.9141700569713125,5.945312840614485,5.9141700569713125,5.9141700569713125,5.9141700569713125,6.111882754609212,0.0,5.767188401214072,5.726095187146617,6.332283957807386,10.862213651636605,6.545717339217456,8.775557859320234,2.9678864373187577,3.0645196534103802,4.274067855381743,9.521185697830811,5.703433120860181,6.307297009854202,5.616151705578473,4.439488902507468,3.039085597657634,4.788701938359476,4.15528624443427,4.28487567342963,4.292727794706569,5.959720545828662,6.911577873393348,4.157922871029311,8.882931999385539,5.484441517149836,5.539988211214439,5.2064354718517425,4.13443630160141,7.964925861831894,8.742477127127607,5.911328663395569
R3_WildlifeTracking,6.900811948502489,6.900811948502489,6.900811948502489,6.900811948502489,6.900811948502489,6.900811948502489,6.639233146762978,6.686572222500003,7.4986286551670736,9.249426403460722,6.900811948502489,6.900811948502489,8.043901763775695,5.335890522018178,6.847924812610997,10.64495215695725,6.792547016487655,6.702302981416802,5.691360845074759,13.254216877702964,7.668511598726756,7.67027745740846,6.197554731884614,6.900811948502489,6.936683032234679,6.900811948502489,6.900811948502489,6.900811948502489,4.183837073034168,5.767188401214072,0.0,5.881785569475419,6.346901918718488,10.018250108485049,6.034012994380658,8.886635500174737,6.474278639699516,5.888801179987459,3.867635305561726,9.958960466722901,6.457610100075221,6.617473684826459,6.1756296000183575,7.18208647663083,6.739058834231408,5.897668937814751,4.482412111816821,4.31496724506062,5.005180892044498,8.877128972452649,7.1245286097826455,4.497462651213442,8.770554088545591,5.7078982426916625,5.7387996397300975,5.302191934317156,4.368801213952521,8.104639114136754,8.910169285879771,6.15989786348452
R4_ParkRangers_HelsinkiMedium,6.322129597916782,6.322129597916782,6.322129597916782,6.322129597916782,6.322129597916782,6.322129597916782,6.118284595655514,6.076437032937226,7.097631710060586,9.007912110877607,6.322129597916782,6.322129597916782,9.556318587518817,6.936606342903896,9.292886290405121,10.696112011856219,6.167423804217398,6.030720601197834,7.176708429291997,12.792087062734756,3.8139057359064457,3.908840804766471,5.233075964406711,6.322129597916782,6.371859799331886,6.322129597916782,6.322129597916782,6.322129597916782,5.427497930541965,5.726095187146617,5.881785569475419,0.0,6.535823984191702,10.679720390067343,6.60757625529523,9.113936256594746,6.71160933538977,6.402094912138878,5.049769552742707,9.98439921011323,2.428533182035676,6.797818127887973,6.30501460954743,7.097089394253803,6.801188249781474,5.981257115381784,5.2012603294145405,5.088093961928064,5.398052339362796,9.169082643685806,7.396531273750855,4.922924391154161,9.239750726584468,6.0826782583525985,6.130168212700331,5.823993705541016,4.896770147312085,8.386955936457625,9.131068884963122,6.472029075697578
R5_MountainRescue,6.642043378478764,6.642043378478764,6.642043378478764,6.642043378478764,6.642043378478764,6.642043378478764,6.454159466733449,6.816984554779933,7.187978689780897,8.95313786942777,6.642043378478764,6.642043378478764,9.57465502661892,6.687813366653152,10.37758752233512,9.485009620379723,6.549720419213696,6.476543503987964,6.950372537891914,11.962856148355808,7.483605507786822,7.389371021277581,6.073695632828006,6.642043378478764,6.673359259847334,6.642043378478764,6.642043378478764,6.642043378478764,5.865185390052771,6.332283957807386,6.346901918718488,6.535823984191702,0.0,10.8868682537532,6.672252000296245,9.06109673523773,6.327991355610445,6.1063889788282575,4.904757196107451,8.3134051319004,6.5816340888200395,1.0774224665250611,4.49011701870832,7.339264119896473,6.971235823183277,5.407478554671222,4.947346282396597,4.837811140173447,4.997377748265929,9.566921994172267,7.2837182730346,4.721837295965505,9.449796194765835,5.930053877081495,2.9609669500235527,3.054116066527661,4.729410905525282,8.285646487236745,9.027858043727413,6.334497537084822
R6_SparseLongRange,11.082155971616658,11.082155971616658,11.082155971616658,11.082155971616658,11.082155971616658,11.082155971616658,10.938983435259896,10.752383366073019,11.61057705308579,12.693175607881717,11.082155971616658,11.082155971616658,13.2143934953125,11.32811256043994,12.736777324130514,14.088828532670759,11.012829401447023,10.95515051162812,11.496802198827547,16.00226047185167,11.536679062999108,11.53275042544209,10.64110979935242,11.082155971616658,11.105193587384036,11.082155971616658,11.082155971616658,11.082155971616658,9.620686984356078,10.862213651636605,10.018250108485049,10.679720390067343,10.8868682537532,0.0,10.701825219664057,12.67084416144223,11.043539354472827,10.713318886718646,9.942717174904782,13.374270760312127,10.904608553097441,11.086317177163776,10.832292555297586,11.474755156576082,11.226402823915453,10.826025933687186,10.237345345646071,10.02679315483438,10.287803254168361,12.915769888546714,8.418184012570983,10.064886410665284,12.814342331614387,10.679411408160405,10.707280038259244,10.533580204053278,10.052469866634034,12.141536504431782,12.667804632164723,10.9103880117405
R7_SparseTinyBuffer,6.758068301074475,6.758068301074475,6.758068301074475,6.758068301074475,6.758068301074475,6.758068301074475,6.540162712928063,6.718747508576438,7.222440763925424,6.200344012237578,6.758068301074475,6.758068301074475,9.99803147584923,7.078857720202662,9.40944101819857,10.707204645723627,6.6871572743714465,6.635460686590107,7.347462546701826,13.158298187031658,7.748663046095259,7.636184321810616,6.3583162059643135,6.758068301074475,6.783002606133085,6.758068301074475,6.758068301074475,6.758068301074475,5.2624304918483285,6.545717339217456,6.034012994380658,6.60757625529523,6.672252000296245,10.701825219664057,0.0,9.223600293225946,6.5644709646050385,6.194140126787196,4.920747930311187,10.048735559442298,6.63341599876164,6.799380094859015,4.627251163654047,7.398927806815985,6.9273268686352045,5.95138376946091,5.2602354930440605,4.954360214316192,5.257408161985387,9.642046774881301,7.455321020048886,5.017938511389394,9.305660399756292,6.168570991693103,6.223543353440647,5.946608511841824,5.013568114491828,8.4522090596104,9.181590972746374,1.9429874088563421
R8_IntermittentPower,9.237373587476501,9.237373587476501,9.237373587476501,9.237373587476501,9.237373587476501,9.237373587476501,9.086616608185087,9.549169034348186,9.609906227410642,10.980697966099608,9.237373587476501,9.237373587476501,11.120662822284078,8.762879844932014,10.773212740230596,11.864402849020584,9.178426200097142,9.13359869315285,8.961075528801162,14.04371301058495,9.928276782936486,9.851826281474702,8.893517560637823,9.237373587476501,9.25777254784757,9.237373587476501,9.237373587476501,9.237373587476501,8.872693584233863,8.775557859320234,8.886635500174737,9.113936256594746,9.06109673523773,12.67084416144223,9.223600293225946,0.0,8.841471776807834,8.75097810621189,7.8664388720854985,11.601843295516698,9.153344836313584,9.062288654755598,8.583258404451646,9.647233684031605,9.319365666869325,8.103027439352049,7.808801592629052,7.837183766299332,7.925960556356752,11.334414915256367,9.525083400404364,7.760849530180993,11.078338515176295,8.548159788537715,8.587361377030586,8.384318939813191,7.7556313082808845,10.318265984673635,10.925925263169432,8.82568416835936
