,world_area,aspect_ratio,N,nrofHostGroups,speed_mean,wait_mean,mm_WDM,mm_RWP,mm_MapRoute,mm_Cluster,mm_Bus,mm_Linear,transmitRange,bufferSize,transmitSpeed,msgTtl,event_interval_mean,event_size_mean,nrof_event_generators,pattern_burst,pattern_hub_target,workDayLength,ownCarProb,clusterRange_mean
world_area,1.0,0.20907426074493626,-0.13297232678198295,0.025281067208784692,0.283442471035471,-0.1166594700459152,0.3731285192098043,-0.3308336192345715,0.17427832202617433,-0.0717238644303206,0.38666541901763796,-0.16632105431579283,0.1900106683475897,-0.07401185873232387,-0.11389350315479903,0.149708825199532,-0.12358724744483846,-0.035604372050351545,-0.1545389496405156,-0.15055115202695343,-0.08226105509432016,0.03931184585861474,-0.03600756972698716,0.020948044136198014
aspect_ratio,0.20907426074493626,1.0,-0.07782732732619334,0.034752392864519525,0.4209884768379371,-0.12426421438094845,0.35654494265246006,-0.3456701551185794,0.2434282292476302,-0.36315369496718675,0.3823473027956674,-0.007656511049136975,0.05750415141339358,0.05502476066902799,0.05945462209247362,0.042518626215577324,-0.07876139267440933,0.04003166569428715,-0.21516747011346252,0.021232121668571944,0.03877012649346188,0.005904600176147269,-0.009112303556111341,-0.40821387070814763
N,-0.13297232678198295,-0.07782732732619334,1.0,0.20041137839264178,0.19365161443900542,-0.25794172550717637,0.5251697617884853,-0.31678524111150896,-0.2802204101709591,0.23798216934638658,0.42533329616209264,0.14384399576968643,-0.16377257394978895,-0.06026267312965531,0.2157364127034014,-0.09091796917943465,-0.06074264791665283,-0.041775283049256075,0.10125475504132389,0.08021237592544242,-0.02689613792158752,0.015453122931576064,-0.014626144797467497,0.001963756260953419
nrofHostGroups,0.025281067208784692,0.034752392864519525,0.20041137839264178,1.0,0.018947277740781917,-0.0023919568818854126,0.11434933199183077,-0.3959631494708459,-0.05820006026619359,0.6714411133342169,0.12173415991649575,-0.04961345767533527,-0.0717729951908347,0.013812025590396031,0.08965505920230346,0.15642768804368187,-0.04191478792852533,-0.056842113300640026,-0.03611218770402313,-0.07076630207400121,-0.010109471724857315,-4.7998529311518086e-18,-5.110215683381121e-18,-0.5286745744197315
speed_mean,0.283442471035471,0.4209884768379371,0.19365161443900542,0.018947277740781917,1.0,-0.3579720237110413,0.6547257610817813,-0.6428428064521589,0.3057952769174758,-0.18696066529405667,0.6970087985006599,0.008342686473088496,-0.09830319010903936,-0.04095780291953967,0.01713574274147707,0.0693628165324479,-0.1656680395921744,-0.0529770722896642,-0.15190748224447367,-0.09658451185330566,-0.08775440846227647,-2.2161518481364164e-17,1.0220431366762246e-17,0.0030421743205251424
wait_mean,-0.1166594700459152,-0.12426421438094845,-0.25794172550717637,-0.0023919568818854126,-0.3579720237110413,1.0,-0.24784415313643135,0.28138759086189385,-0.1261735957844063,-0.011329023055961394,-0.26385024946568375,-0.0817080128533122,0.03907993137286643,0.008070472365594595,0.04509136823178063,-0.09851606490247208,0.13628434613106608,-0.017069039759803836,-0.09318532696461064,-0.05250051435139182,-0.06298043367334641,1.8727084620451577e-17,2.0440862733524492e-17,-0.06995926948626346
mm_WDM,0.3731285192098043,0.35654494265246006,0.5251697617884853,0.11434933199183077,0.6547257610817813,-0.24784415313643135,1.0,-0.6170939584539548,-0.1122721782847679,-0.1400280084028009,0.939336436627724,-0.05469028176232291,-0.08048379888987323,-0.05240057677053779,0.09090766947842226,-0.10849634030177122,-0.1369793899577073,-0.04351251222307833,-0.12666009927622465,-0.07800764512385154,-0.07800764512385155,-4.7425243460000064e-17,6.132258820057344e-17,-1.0403543260291152e-17
mm_RWP,-0.3308336192345715,-0.3456701551185794,-0.31678524111150896,-0.3959631494708459,-0.6428428064521589,0.28138759086189385,-0.6170939584539548,1.0,-0.39260073655797534,-0.25080102736500653,-0.6569466853317862,-0.1912445739494861,0.12506289330137738,0.02945567036111725,-0.07455601146480699,-0.17939507001548405,0.15690291051762278,0.0737341273255112,0.07561935498230758,0.1264112928917488,0.12641129289174882,2.5131070681868634e-17,2.0440862733524492e-17,0.0675592789250853
mm_MapRoute,0.17427832202617433,0.2434282292476302,-0.2802204101709591,-0.05820006026619359,0.3057952769174758,-0.1261735957844063,-0.1122721782847679,-0.39260073655797534,1.0,-0.0890870806374748,-0.11952286093343942,-0.03479445003196105,-0.0425110514758505,-0.01678993416895632,-0.08802647654829807,0.1959419239377893,-0.04397038927989857,-0.020334528320013544,-0.08058229640253806,-0.049629166698546515,-0.049629166698546515,2.0629655032287842e-18,-2.044086273352449e-17,1.6060418616066351e-18
mm_Cluster,-0.0717238644303206,-0.36315369496718675,0.23798216934638658,0.6714411133342169,-0.18696066529405667,-0.011329023055961394,-0.1400280084028009,-0.25080102736500653,-0.0890870806374748,1.0,-0.14907119849998596,-0.04339630366027463,-0.06277898860206475,0.030656057653589253,0.08059603922638739,0.24438251569350908,-0.023675725288030663,-0.045633211280141445,0.10050378152592121,-0.06189844605901726,-0.06189844605901726,5.700883072957609e-18,0.0,5.371483299308381e-17
mm_Bus,0.38666541901763796,0.3823473027956674,0.42533329616209264,0.12173415991649575,0.6970087985006599,-0.26385024946568375,0.939336436627724,-0.6569466853317862,-0.11952286093343942,-0.14907119849998596,1.0,-0.05822225097395818,-0.0855360773169595,-0.046093264751957255,0.09791383738183845,-0.07116550194375326,-0.14594917278573807,-0.04405452466696117,-0.13483997249264842,-0.08304547985373997,-0.08304547985373995,-3.8287449649600033e-17,2.0440862733524495e-17,-1.0240514662265285e-17
mm_Linear,-0.16632105431579283,-0.007656511049136975,0.14384399576968643,-0.04961345767533527,0.008342686473088496,-0.0817080128533122,-0.05469028176232291,-0.1912445739494861,-0.03479445003196105,-0.04339630366027463,-0.05822225097395818,1.0,-0.02451938447574108,0.011973236282658414,0.03147813172875343,0.09544768074267618,-0.04604604009985027,-0.03106648527468841,-0.03925343359894298,-0.024175473851486183,-0.02417547385148619,5.0250890544807004e-18,0.0,-4.065637462018727e-18
transmitRange,0.1900106683475897,0.05750415141339358,-0.16377257394978895,-0.0717729951908347,-0.09830319010903936,0.03907993137286643,-0.08048379888987323,0.12506289330137738,-0.0425110514758505,-0.06277898860206475,-0.0855360773169595,-0.02451938447574108,1.0,0.03324136635530741,-0.32421068489996324,0.13436305515329539,0.00833046706296582,-0.022075788814250423,-0.05502037225628701,-0.03225516469988888,-0.0349732965566211,0.015294222135001173,0.01648008190679134,-2.1002186859896155e-18
bufferSize,-0.07401185873232387,0.05502476066902799,-0.06026267312965531,0.013812025590396031,-0.04095780291953967,0.008070472365594595,-0.05240057677053779,0.02945567036111725,-0.01678993416895632,0.030656057653589253,-0.046093264751957255,0.011973236282658414,0.03324136635530741,1.0,0.05871775950276157,0.09880464665311019,0.0533603380169135,0.030460117666080963,0.027729447487761415,0.017078060979475368,0.01707806097947537,-0.018412812518827208,0.029673759031612103,3.4115748653318942e-18
transmitSpeed,-0.11389350315479903,0.05945462209247362,0.2157364127034014,0.08965505920230346,0.01713574274147707,0.04509136823178063,0.09090766947842226,-0.07455601146480699,-0.08802647654829807,0.08059603922638739,0.09791383738183845,0.03147813172875343,-0.32421068489996324,0.05871775950276157,1.0,-0.1369569954356665,0.01945736459836432,0.01408806188041482,0.07290186046437075,0.04489892627962482,0.044898926279624836,0.015607952220683485,0.003475926671642803,8.580495491955125e-18
msgTtl,0.149708825199532,0.042518626215577324,-0.09091796917943465,0.15642768804368187,0.0693628165324479,-0.09851606490247208,-0.10849634030177122,-0.17939507001548405,0.1959419239377893,0.24438251569350908,-0.07116550194375326,0.09544768074267618,0.13436305515329539,0.09880464665311019,-0.1369569954356665,1.0,0.16044767342654342,0.11542409928749414,-0.06214688617439212,-0.07978625477261479,-0.08397262047951973,0.14152429004844477,0.13575584251144604,7.325537621385005e-18
event_interval_mean,-0.12358724744483846,-0.07876139267440933,-0.06074264791665283,-0.04191478792852533,-0.1656680395921744,0.13628434613106608,-0.1369793899577073,0.15690291051762278,-0.04397038927989857,-0.023675725288030663,-0.14594917278573807,-0.04604604009985027,0.00833046706296582,0.0533603380169135,0.01945736459836432,0.16044767342654342,1.0,0.24378986143734094,-0.08790968807362068,-0.06971548162117282,-0.04606682128084119,0.0010784995159957367,-0.00037806789520555015,-0.00944441676904043
event_size_mean,-0.035604372050351545,0.04003166569428715,-0.041775283049256075,-0.056842113300640026,-0.0529770722896642,-0.017069039759803836,-0.04351251222307833,0.0737341273255112,-0.020334528320013544,-0.045633211280141445,-0.04405452466696117,-0.03106648527468841,-0.022075788814250423,0.030460117666080963,0.01408806188041482,0.11542409928749414,0.24378986143734094,1.0,-0.06026658437294546,-0.022752363569454905,-0.04320300350734595,-0.0028580980580432914,0.006944554301913605,0.013395947270626214
nrof_event_generators,-0.1545389496405156,-0.21516747011346252,0.10125475504132389,-0.03611218770402313,-0.15190748224447367,-0.09318532696461064,-0.12666009927622465,0.07561935498230758,-0.08058229640253806,0.10050378152592121,-0.13483997249264842,-0.03925343359894298,-0.05502037225628701,0.027729447487761415,0.07290186046437075,-0.06214688617439212,-0.08790968807362068,-0.06026658437294546,1.0,0.6158817620514397,0.27994625547792734,5.551542683143904e-18,0.0,0.12792042981336627
pattern_burst,-0.15055115202695343,0.021232121668571944,0.08021237592544242,-0.07076630207400121,-0.09658451185330566,-0.05250051435139182,-0.07800764512385154,0.1264112928917488,-0.049629166698546515,-0.06189844605901726,-0.08304547985373997,-0.024175473851486183,-0.03225516469988888,0.017078060979475368,0.04489892627962482,-0.07978625477261479,-0.06971548162117282,-0.022752363569454905,0.6158817620514397,1.0,-0.03448275862068966,5.548068704790293e-18,-1.0220431366762241e-17,-2.7318833592630958e-18
pattern_hub_target,-0.08226105509432016,0.03877012649346188,-0.02689613792158752,-0.010109471724857315,-0.08775440846227647,-0.06298043367334641,-0.07800764512385155,0.12641129289174882,-0.049629166698546515,-0.06189844605901726,-0.08304547985373995,-0.02417547385148619,-0.0349732965566211,0.01707806097947537,0.044898926279624836,-0.08397262047951973,-0.04606682128084119,-0.04320300350734595,0.27994625547792734,-0.03448275862068966,1.0,3.1758822304220812e-18,0.0,-1.1158912698432747e-18
workDayLength,0.03931184585861474,0.005904600176147269,0.015453122931576064,-4.7998529311518086e-18,-2.2161518481364164e-17,1.8727084620451577e-17,-4.7425243460000064e-17,2.5131070681868634e-17,2.0629655032287842e-18,5.700883072957609e-18,-3.8287449649600033e-17,5.0250890544807004e-18,0.015294222135001173,-0.018412812518827208,0.015607952220683485,0.14152429004844477,0.0010784995159957367,-0.0028580980580432914,5.551542683143904e-18,5.548068704790293e-18,3.1758822304220812e-18,1.0,0.3962029078465308,8.716777997152401e-34
ownCarProb,-0.03600756972698716,-0.009112303556111341,-0.014626144797467497,-5.110215683381121e-18,1.0220431366762246e-17,2.0440862733524492e-17,6.132258820057344e-17,2.0440862733524492e-17,-2.044086273352449e-17,0.0,2.0440862733524495e-17,0.0,0.01648008190679134,0.029673759031612103,0.003475926671642803,0.13575584251144604,-0.00037806789520555015,0.006944554301913605,0.0,-1.0220431366762241e-17,0.0,0.3962029078465308,1.0,0.0
clusterRange_mean,0.020948044136198014,-0.40821387070814763,0.001963756260953419,-0.5286745744197315,0.0030421743205251424,-0.06995926948626346,-1.0403543260291152e-17,0.0675592789250853,1.6060418616066351e-18,5.371483299308381e-17,-1.0240514662265285e-17,-4.065637462018727e-18,-2.1002186859896155e-18,3.4115748653318942e-18,8.580495491955125e-18,7.325537621385005e-18,-0.00944441676904043,0.013395947270626214,0.12792042981336627,-2.7318833592630958e-18,-1.1158912698432747e-18,8.716777997152401e-34,0.0,1.0
