,world_area,aspect_ratio,N,nrofHostGroups,speed_mean,wait_mean,mm_WDM,mm_RWP,mm_MapRoute,mm_Cluster,mm_Bus,mm_Linear,transmitRange,bufferSize,transmitSpeed,msgTtl,event_interval_mean,event_size_mean,nrof_event_generators,pattern_burst,pattern_hub_target,workDayLength,ownCarProb
world_area,1.0,0.20907426074493593,-0.1408497522479045,0.025281067208784574,0.27076422082084695,-0.12616716859918797,0.3731285192098043,-0.33083361923457205,0.17427832202617416,-0.07172386443032051,0.38666541901763796,-0.16632105431579272,0.1909522861300275,-0.056861103674109875,-0.12535083171995087,-3.609382920808487e-18,-2.431990631132991e-18,-4.632363106919983e-19,7.122258276889478e-18,1.5441210356399949e-18,-0.0019232506992950473,0.03931184585861475,-0.03600756972698717
aspect_ratio,0.20907426074493593,1.0,-0.07772125406457603,0.034752392864519546,0.42222940495571165,-0.11419805232483297,0.3565449426524593,-0.34567015511857957,0.24342822924763047,-0.3631536949671862,0.3823473027956671,-0.007656511049137046,0.05671471902930815,0.034431476201529455,0.009890718773101109,5.5588357283039785e-18,1.023945261758771e-17,2.9724329936069885e-18,5.076297904666483e-18,2.4126891181874912e-18,-0.0026863554037337236,0.005904600176147293,-0.009112303556111326
N,-0.1408497522479045,-0.07772125406457603,1.0,0.19932500781752943,0.18209648899364764,-0.24313612409855986,0.5264369782435498,-0.3170438647847495,-0.2856467230076006,0.23607340176934163,0.43058512736137344,0.14351945606917557,-0.1705354112197174,-0.09028461962728496,0.057058388583776036,-5.3995982465036065e-18,6.0413735519414785e-18,5.259662277648732e-18,5.134202443502985e-18,-3.17509887953474e-18,0.005553615616107457,0.017450647983072654,-0.010028039988105994
nrofHostGroups,0.025281067208784574,0.034752392864519546,0.19932500781752943,1.0,0.013353525257849807,-0.005857811660819848,0.11434933199183085,-0.3959631494708465,-0.05820006026619347,0.6714411133342163,0.12173415991649575,-0.04961345767533531,-0.07233376050389619,0.012251400166884118,0.025676520876342774,-7.517939292272224e-18,8.685680825474967e-19,-5.52023270241298e-18,-1.7564376780404944e-18,1.4476134709124952e-18,0.001123968169323025,-6.699528680609328e-19,-9.990573091584901e-18
speed_mean,0.27076422082084695,0.42222940495571165,0.18209648899364764,0.013353525257849807,1.0,-0.35837981563279164,0.6490498715555387,-0.6318089680742469,0.30169792990151123,-0.19456662060557728,0.6909663526794183,0.005729322715426977,-0.09968578054227802,-0.06454343561106299,-0.007411267234544664,1.1310686586062964e-17,6.34054700259673e-18,5.211408495284984e-18,7.218765841616982e-18,-2.7022118123699923e-18,0.0009971069578274276,-1.8258321733415836e-17,-8.9733408325215e-17
wait_mean,-0.12616716859918797,-0.11419805232483297,-0.24313612409855986,-0.005857811660819848,-0.35837981563279164,1.0,-0.23641600207341062,0.26957920290513027,-0.12066134616025857,-0.012604521001280981,-0.25168405360933094,-0.0778929207280739,0.03187728804939656,0.030429199720956153,-0.002690828310265908,-6.7507041526886e-18,-1.529644900930869e-18,-1.0905354814207457e-18,-3.4453200607717386e-18,3.252304931316739e-18,0.0005422631435532605,7.70803006583266e-18,-3.7021500012056565e-17
mm_WDM,0.3731285192098043,0.3565449426524593,0.5264369782435498,0.11434933199183085,0.6490498715555387,-0.23641600207341062,1.0,-0.6170939584539552,-0.11227217828476803,-0.14002800840280066,0.9393364366277227,-0.05469028176232308,-0.07907274089391501,-0.06052177283676467,0.0227604160744802,1.1387892637844962e-18,2.0884237007030927e-17,-6.562514401469979e-19,4.979790339938986e-18,-7.527590048744976e-18,0.0012389810900585137,-1.4661581977509118e-17,1.200013099664002e-16
mm_RWP,-0.33083361923457205,-0.34567015511857957,-0.3170438647847495,-0.3959631494708465,-0.6318089680742469,0.26957920290513027,-0.6170939584539552,1.0,-0.3926007365579751,-0.2508010273650064,-0.6569466853317881,-0.19124457394948624,0.1251114682217959,0.03493841359115475,0.014034083491962598,-7.643399126417978e-18,-6.620418940306479e-18,-9.071711084384973e-18,-3.474272330189992e-19,3.1268450971709917e-18,0.004332550556778224,5.311403507426532e-17,3.441793213508253e-17
mm_MapRoute,0.17427832202617416,0.24342822924763047,-0.2856467230076006,-0.05820006026619347,0.30169792990151123,-0.12066134616025857,-0.11227217828476803,-0.3926007365579751,1.0,-0.08908708063747499,-0.11952286093343913,-0.03479445003196101,-0.0433619356635444,-0.01586193203103074,-0.0875944406297027,6.6397204532519805e-18,-8.830442172566223e-18,2.277578527568993e-18,-2.5477997088059938e-18,-1.3318043932394963e-18,-0.011035513062870766,7.555428441203329e-19,-1.7698229411856316e-17
mm_Cluster,-0.07172386443032051,-0.3631536949671862,0.23607340176934163,0.6714411133342163,-0.19456662060557728,-0.012604521001280981,-0.14002800840280066,-0.2508010273650064,-0.08908708063747499,1.0,-0.1490711984999863,-0.04339630366027467,-0.06382631051447922,0.03104912767420553,0.0239815892065214,-7.662700639363475e-18,-2.7890686206247403e-18,3.4549708172444886e-18,-3.4742723301899904e-19,-4.3042373868464866e-18,0.0009831216421078742,6.0748895140919905e-18,7.6498608695973e-18
mm_Bus,0.38666541901763796,0.3823473027956671,0.43058512736137344,0.12173415991649575,0.6909663526794183,-0.25168405360933094,0.9393364366277227,-0.6569466853317881,-0.11952286093343913,-0.1490711984999863,1.0,-0.05822225097395837,-0.0843246229427941,-0.05382163495628122,0.025024749714653384,-2.5091966829149934e-18,1.1831827435591467e-17,-1.1966938026209967e-18,5.365820598848988e-18,-2.084563398113995e-18,0.001318996093142655,-4.463474268042196e-17,-1.1040634261690235e-16
mm_Linear,-0.16632105431579272,-0.007656511049137046,0.14351945606917557,-0.04961345767533531,0.005729322715426977,-0.0778929207280739,-0.05469028176232308,-0.19124457394948624,-0.03479445003196101,-0.04339630366027467,-0.05822225097395837,1.0,-0.02492843357341191,0.012126756356428176,0.009366410947159492,6.029310106350544e-18,3.1268450971709898e-18,7.759208204090975e-18,-3.1461466101164915e-18,-1.4379627144397457e-18,0.00038397460784310986,-9.338755233525822e-18,-5.3704062399121345e-18
transmitRange,0.1909522861300275,0.05671471902930815,-0.1705354112197174,-0.07233376050389619,-0.09968578054227802,0.03187728804939656,-0.07907274089391501,0.1251114682217959,-0.0433619356635444,-0.06382631051447922,-0.0843246229427941,-0.02492843357341191,1.0,0.023407927582687192,-0.20055493107068673,-7.43108248401748e-19,-5.33204295119436e-18,-3.3005587136804908e-18,-2.5091966829149945e-18,4.5744585680834894e-18,0.000564741244824145,0.012217927983082686,0.015567033728865544
bufferSize,-0.056861103674109875,0.034431476201529455,-0.09028461962728496,0.012251400166884118,-0.06454343561106299,0.030429199720956153,-0.06052177283676467,0.03493841359115475,-0.01586193203103074,0.03104912767420553,-0.05382163495628122,0.012126756356428176,0.023407927582687192,1.0,-0.15763827294068897,1.0808847249479966e-18,6.639720453251978e-18,3.24265417484399e-18,2.0073573463319947e-18,2.2389755016779932e-18,-0.0002747256244657462,-0.005883258195623102,0.03248241506574351
transmitSpeed,-0.12535083171995087,0.009890718773101109,0.057058388583776036,0.025676520876342774,-0.007411267234544664,-0.002690828310265908,0.0227604160744802,0.014034083491962598,-0.0875944406297027,0.0239815892065214,0.025024749714653384,0.009366410947159492,-0.20055493107068673,-0.15763827294068897,1.0,5.182456225866733e-18,9.07171108438497e-19,-3.744493511426987e-18,-4.342840412737487e-18,-1.7371361650949946e-18,-0.00021219137424965067,0.01092245207802412,0.0024324550691174267
msgTtl,-3.609382920808487e-18,5.5588357283039785e-18,-5.3995982465036065e-18,-7.517939292272224e-18,1.1310686586062964e-17,-6.7507041526886e-18,1.1387892637844962e-18,-7.643399126417978e-18,6.6397204532519805e-18,-7.662700639363475e-18,-2.5091966829149934e-18,6.029310106350544e-18,-7.43108248401748e-19,1.0808847249479966e-18,5.182456225866733e-18,1.0,0.8564568172235354,0.32978374718744774,-0.033441111463954454,-0.03344111146395446,-0.07818140273142238,-6.054095662683394e-18,-1.8012185442694356e-18
event_interval_mean,-2.431990631132991e-18,1.023945261758771e-17,6.0413735519414785e-18,8.685680825474967e-19,6.34054700259673e-18,-1.529644900930869e-18,2.0884237007030927e-17,-6.620418940306479e-18,-8.830442172566223e-18,-2.7890686206247403e-18,1.1831827435591467e-17,3.1268450971709898e-18,-5.33204295119436e-18,6.639720453251978e-18,9.07171108438497e-19,0.8564568172235354,1.0,0.32502545764791696,-0.029683792173225344,-0.22965881312969083,-0.26635638079695895,1.2008123628462929e-18,-5.803926420423733e-18
event_size_mean,-4.632363106919983e-19,2.9724329936069885e-18,5.259662277648732e-18,-5.52023270241298e-18,5.211408495284984e-18,-1.0905354814207457e-18,-6.562514401469979e-19,-9.071711084384973e-18,2.277578527568993e-18,3.4549708172444886e-18,-1.1966938026209967e-18,7.759208204090975e-18,-3.3005587136804908e-18,3.24265417484399e-18,-3.744493511426987e-18,0.32978374718744774,0.32502545764791696,1.0,-0.11177289380397797,-0.0856599106874874,-0.21996786886717443,2.6017601195002997e-18,-3.602437088538869e-18
nrof_event_generators,7.122258276889478e-18,5.076297904666483e-18,5.134202443502985e-18,-1.7564376780404944e-18,7.218765841616982e-18,-3.4453200607717386e-18,4.979790339938986e-18,-3.474272330189992e-19,-2.5477997088059938e-18,-3.4742723301899904e-19,5.365820598848988e-18,-3.1461466101164915e-18,-2.5091966829149945e-18,2.0073573463319947e-18,-4.342840412737487e-18,-0.033441111463954454,-0.029683792173225344,-0.11177289380397797,1.0,-0.09090909090909093,-0.21253480931613344,3.2021663009234456e-18,2.4016247256925853e-18
pattern_burst,1.5441210356399949e-18,2.4126891181874912e-18,-3.17509887953474e-18,1.4476134709124952e-18,-2.7022118123699923e-18,3.252304931316739e-18,-7.527590048744976e-18,3.1268450971709917e-18,-1.3318043932394963e-18,-4.3042373868464866e-18,-2.084563398113995e-18,-1.4379627144397457e-18,4.5744585680834894e-18,2.2389755016779932e-18,-1.7371361650949946e-18,-0.03344111146395446,-0.22965881312969083,-0.0856599106874874,-0.09090909090909093,1.0,-0.2125348093161334,4.002707876154313e-18,5.6037910266160275e-18
pattern_hub_target,-0.0019232506992950473,-0.0026863554037337236,0.005553615616107457,0.001123968169323025,0.0009971069578274276,0.0005422631435532605,0.0012389810900585137,0.004332550556778224,-0.011035513062870766,0.0009831216421078742,0.001318996093142655,0.00038397460784310986,0.000564741244824145,-0.0002747256244657462,-0.00021219137424965067,-0.07818140273142238,-0.26635638079695895,-0.21996786886717443,-0.21253480931613344,-0.2125348093161334,1.0,-3.2559174991159096e-18,3.134479606903312e-18
workDayLength,0.03931184585861475,0.005904600176147293,0.017450647983072654,-6.699528680609328e-19,-1.8258321733415836e-17,7.70803006583266e-18,-1.4661581977509118e-17,5.311403507426532e-17,7.555428441203329e-19,6.0748895140919905e-18,-4.463474268042196e-17,-9.338755233525822e-18,0.012217927983082686,-0.005883258195623102,0.01092245207802412,-6.054095662683394e-18,1.2008123628462929e-18,2.6017601195002997e-18,3.2021663009234456e-18,4.002707876154313e-18,-3.2559174991159096e-18,1.0,0.3962029078465307
ownCarProb,-0.03600756972698717,-0.009112303556111326,-0.010028039988105994,-9.990573091584901e-18,-8.9733408325215e-17,-3.7021500012056565e-17,1.200013099664002e-16,3.441793213508253e-17,-1.7698229411856316e-17,7.6498608695973e-18,-1.1040634261690235e-16,-5.3704062399121345e-18,0.015567033728865544,0.03248241506574351,0.0024324550691174267,-1.8012185442694356e-18,-5.803926420423733e-18,-3.602437088538869e-18,2.4016247256925853e-18,5.6037910266160275e-18,3.134479606903312e-18,0.3962029078465307,1.0
