,world_area,aspect_ratio,N,nrofHostGroups,speed_mean,wait_mean,mm_WDM,mm_RWP,mm_MapRoute,mm_Cluster,mm_Bus,mm_Linear,transmitRange,bufferSize,transmitSpeed,msgTtl,event_interval_mean,event_size_mean,nrof_event_generators,pattern_burst,pattern_hub_target,workDayLength,ownCarProb,clusterRange_mean
world_area,1.0,0.13832685732193023,-0.19308086525681734,0.018989674659078873,0.14117453532178867,-0.0699659900517808,0.2614486853941519,-0.2115691723505179,0.09095468364848203,-0.04454445885761344,0.2768085230192359,-0.160518857806836,0.21221006205200546,-0.061107703366799784,-0.13190419433827202,0.1696341321666672,-0.10101597456737876,-0.028134081641192858,-0.1330745339365664,-0.13925862660915525,-0.06859200799273506,0.07941546865591254,0.015565546703662184,0.021677044142915096
aspect_ratio,0.13832685732193023,1.0,-0.09346939412557302,0.03403356091841848,0.35592201583548844,-0.10155887765811285,0.318067674895696,-0.2867133193612924,0.18507849162672185,-0.3600008607119399,0.34103607947250536,-0.0016061665853547246,0.06761960834473163,0.06398051595449628,0.055447164620061946,0.041564439229452514,-0.06767163241784918,0.04590962582054546,-0.20824590993584124,0.031016800897340737,0.04918467072798319,0.02304456632890892,0.013929302233459763,-0.4228745823791206
N,-0.19308086525681734,-0.09346939412557302,1.0,0.20041137839264178,0.19365161443900542,-0.25794172550717637,0.5251697617884853,-0.31678524111150896,-0.2802204101709591,0.23798216934638658,0.42533329616209264,0.14384399576968643,-0.16377257394978895,-0.06026267312965531,0.2157364127034014,-0.09091796917943465,-0.06074264791665283,-0.041775283049256075,0.10125475504132389,0.08021237592544242,-0.02689613792158752,0.015453122931576064,-0.014626144797467497,0.001963756260953419
nrofHostGroups,0.018989674659078873,0.03403356091841848,0.20041137839264178,1.0,0.018947277740781917,-0.0023919568818854126,0.11434933199183077,-0.3959631494708459,-0.05820006026619359,0.6714411133342169,0.12173415991649575,-0.04961345767533527,-0.0717729951908347,0.013812025590396031,0.08965505920230346,0.15642768804368187,-0.04191478792852533,-0.056842113300640026,-0.03611218770402313,-0.07076630207400121,-0.010109471724857315,-4.7998529311518086e-18,-5.110215683381121e-18,-0.5286745744197315
speed_mean,0.14117453532178867,0.35592201583548844,0.19365161443900542,0.018947277740781917,1.0,-0.3579720237110413,0.6547257610817813,-0.6428428064521589,0.3057952769174758,-0.18696066529405667,0.6970087985006599,0.008342686473088496,-0.09830319010903936,-0.04095780291953967,0.01713574274147707,0.0693628165324479,-0.1656680395921744,-0.0529770722896642,-0.15190748224447367,-0.09658451185330566,-0.08775440846227647,-2.2161518481364164e-17,1.0220431366762246e-17,0.0030421743205251424
wait_mean,-0.0699659900517808,-0.10155887765811285,-0.25794172550717637,-0.0023919568818854126,-0.3579720237110413,1.0,-0.24784415313643135,0.28138759086189385,-0.1261735957844063,-0.011329023055961394,-0.26385024946568375,-0.0817080128533122,0.03907993137286643,0.008070472365594595,0.04509136823178063,-0.09851606490247208,0.13628434613106608,-0.017069039759803836,-0.09318532696461064,-0.05250051435139182,-0.06298043367334641,1.8727084620451577e-17,2.0440862733524492e-17,-0.06995926948626346
mm_WDM,0.2614486853941519,0.318067674895696,0.5251697617884853,0.11434933199183077,0.6547257610817813,-0.24784415313643135,1.0,-0.6170939584539548,-0.1122721782847679,-0.1400280084028009,0.939336436627724,-0.05469028176232291,-0.08048379888987323,-0.05240057677053779,0.09090766947842226,-0.10849634030177122,-0.1369793899577073,-0.04351251222307833,-0.12666009927622465,-0.07800764512385154,-0.07800764512385155,-4.7425243460000064e-17,6.132258820057344e-17,-1.0403543260291152e-17
mm_RWP,-0.2115691723505179,-0.2867133193612924,-0.31678524111150896,-0.3959631494708459,-0.6428428064521589,0.28138759086189385,-0.6170939584539548,1.0,-0.39260073655797534,-0.25080102736500653,-0.6569466853317862,-0.1912445739494861,0.12506289330137738,0.02945567036111725,-0.07455601146480699,-0.17939507001548405,0.15690291051762278,0.0737341273255112,0.07561935498230758,0.1264112928917488,0.12641129289174882,2.5131070681868634e-17,2.0440862733524492e-17,0.0675592789250853
mm_MapRoute,0.09095468364848203,0.18507849162672185,-0.2802204101709591,-0.05820006026619359,0.3057952769174758,-0.1261735957844063,-0.1122721782847679,-0.39260073655797534,1.0,-0.0890870806374748,-0.11952286093343942,-0.03479445003196105,-0.0425110514758505,-0.01678993416895632,-0.08802647654829807,0.1959419239377893,-0.04397038927989857,-0.020334528320013544,-0.08058229640253806,-0.049629166698546515,-0.049629166698546515,2.0629655032287842e-18,-2.044086273352449e-17,1.6060418616066351e-18
mm_Cluster,-0.04454445885761344,-0.3600008607119399,0.23798216934638658,0.6714411133342169,-0.18696066529405667,-0.011329023055961394,-0.1400280084028009,-0.25080102736500653,-0.0890870806374748,1.0,-0.14907119849998596,-0.04339630366027463,-0.06277898860206475,0.030656057653589253,0.08059603922638739,0.24438251569350908,-0.023675725288030663,-0.045633211280141445,0.10050378152592121,-0.06189844605901726,-0.06189844605901726,5.700883072957609e-18,0.0,5.371483299308381e-17
mm_Bus,0.2768085230192359,0.34103607947250536,0.42533329616209264,0.12173415991649575,0.6970087985006599,-0.26385024946568375,0.939336436627724,-0.6569466853317862,-0.11952286093343942,-0.14907119849998596,1.0,-0.05822225097395818,-0.0855360773169595,-0.046093264751957255,0.09791383738183845,-0.07116550194375326,-0.14594917278573807,-0.04405452466696117,-0.13483997249264842,-0.08304547985373997,-0.08304547985373995,-3.8287449649600033e-17,2.0440862733524495e-17,-1.0240514662265285e-17
mm_Linear,-0.160518857806836,-0.0016061665853547246,0.14384399576968643,-0.04961345767533527,0.008342686473088496,-0.0817080128533122,-0.05469028176232291,-0.1912445739494861,-0.03479445003196105,-0.04339630366027463,-0.05822225097395818,1.0,-0.02451938447574108,0.011973236282658414,0.03147813172875343,0.09544768074267618,-0.04604604009985027,-0.03106648527468841,-0.03925343359894298,-0.024175473851486183,-0.02417547385148619,5.0250890544807004e-18,0.0,-4.065637462018727e-18
transmitRange,0.21221006205200546,0.06761960834473163,-0.16377257394978895,-0.0717729951908347,-0.09830319010903936,0.03907993137286643,-0.08048379888987323,0.12506289330137738,-0.0425110514758505,-0.06277898860206475,-0.0855360773169595,-0.02451938447574108,1.0,0.03324136635530741,-0.32421068489996324,0.13436305515329539,0.00833046706296582,-0.022075788814250423,-0.05502037225628701,-0.03225516469988888,-0.0349732965566211,0.015294222135001173,0.01648008190679134,-2.1002186859896155e-18
bufferSize,-0.061107703366799784,0.06398051595449628,-0.06026267312965531,0.013812025590396031,-0.04095780291953967,0.008070472365594595,-0.05240057677053779,0.02945567036111725,-0.01678993416895632,0.030656057653589253,-0.046093264751957255,0.011973236282658414,0.03324136635530741,1.0,0.05871775950276157,0.09880464665311019,0.0533603380169135,0.030460117666080963,0.027729447487761415,0.017078060979475368,0.01707806097947537,-0.018412812518827208,0.029673759031612103,3.4115748653318942e-18
transmitSpeed,-0.13190419433827202,0.055447164620061946,0.2157364127034014,0.08965505920230346,0.01713574274147707,0.04509136823178063,0.09090766947842226,-0.07455601146480699,-0.08802647654829807,0.08059603922638739,0.09791383738183845,0.03147813172875343,-0.32421068489996324,0.05871775950276157,1.0,-0.1369569954356665,0.01945736459836432,0.01408806188041482,0.07290186046437075,0.04489892627962482,0.044898926279624836,0.015607952220683485,0.003475926671642803,8.580495491955125e-18
msgTtl,0.1696341321666672,0.041564439229452514,-0.09091796917943465,0.15642768804368187,0.0693628165324479,-0.09851606490247208,-0.10849634030177122,-0.17939507001548405,0.1959419239377893,0.24438251569350908,-0.07116550194375326,0.09544768074267618,0.13436305515329539,0.09880464665311019,-0.1369569954356665,1.0,0.16044767342654342,0.11542409928749414,-0.06214688617439212,-0.07978625477261479,-0.08397262047951973,0.14152429004844477,0.13575584251144604,7.325537621385005e-18
event_interval_mean,-0.10101597456737876,-0.06767163241784918,-0.06074264791665283,-0.04191478792852533,-0.1656680395921744,0.13628434613106608,-0.1369793899577073,0.15690291051762278,-0.04397038927989857,-0.023675725288030663,-0.14594917278573807,-0.04604604009985027,0.00833046706296582,0.0533603380169135,0.01945736459836432,0.16044767342654342,1.0,0.24378986143734094,-0.08790968807362068,-0.06971548162117282,-0.04606682128084119,0.0010784995159957367,-0.00037806789520555015,-0.00944441676904043
event_size_mean,-0.028134081641192858,0.04590962582054546,-0.041775283049256075,-0.056842113300640026,-0.0529770722896642,-0.017069039759803836,-0.04351251222307833,0.0737341273255112,-0.020334528320013544,-0.045633211280141445,-0.04405452466696117,-0.03106648527468841,-0.022075788814250423,0.030460117666080963,0.01408806188041482,0.11542409928749414,0.24378986143734094,1.0,-0.06026658437294546,-0.022752363569454905,-0.04320300350734595,-0.0028580980580432914,0.006944554301913605,0.013395947270626214
nrof_event_generators,-0.1330745339365664,-0.20824590993584124,0.10125475504132389,-0.03611218770402313,-0.15190748224447367,-0.09318532696461064,-0.12666009927622465,0.07561935498230758,-0.08058229640253806,0.10050378152592121,-0.13483997249264842,-0.03925343359894298,-0.05502037225628701,0.027729447487761415,0.07290186046437075,-0.06214688617439212,-0.08790968807362068,-0.06026658437294546,1.0,0.6158817620514397,0.27994625547792734,5.551542683143904e-18,0.0,0.12792042981336627
pattern_burst,-0.13925862660915525,0.031016800897340737,0.08021237592544242,-0.07076630207400121,-0.09658451185330566,-0.05250051435139182,-0.07800764512385154,0.1264112928917488,-0.049629166698546515,-0.06189844605901726,-0.08304547985373997,-0.024175473851486183,-0.03225516469988888,0.017078060979475368,0.04489892627962482,-0.07978625477261479,-0.06971548162117282,-0.022752363569454905,0.6158817620514397,1.0,-0.03448275862068966,5.548068704790293e-18,-1.0220431366762241e-17,-2.7318833592630958e-18
pattern_hub_target,-0.06859200799273506,0.04918467072798319,-0.02689613792158752,-0.010109471724857315,-0.08775440846227647,-0.06298043367334641,-0.07800764512385155,0.12641129289174882,-0.049629166698546515,-0.06189844605901726,-0.08304547985373995,-0.02417547385148619,-0.0349732965566211,0.01707806097947537,0.044898926279624836,-0.08397262047951973,-0.04606682128084119,-0.04320300350734595,0.27994625547792734,-0.03448275862068966,1.0,3.1758822304220812e-18,0.0,-1.1158912698432747e-18
workDayLength,0.07941546865591254,0.02304456632890892,0.015453122931576064,-4.7998529311518086e-18,-2.2161518481364164e-17,1.8727084620451577e-17,-4.7425243460000064e-17,2.5131070681868634e-17,2.0629655032287842e-18,5.700883072957609e-18,-3.8287449649600033e-17,5.0250890544807004e-18,0.015294222135001173,-0.018412812518827208,0.015607952220683485,0.14152429004844477,0.0010784995159957367,-0.0028580980580432914,5.551542683143904e-18,5.548068704790293e-18,3.1758822304220812e-18,1.0,0.3962029078465308,8.716777997152401e-34
ownCarProb,0.015565546703662184,0.013929302233459763,-0.014626144797467497,-5.110215683381121e-18,1.0220431366762246e-17,2.0440862733524492e-17,6.132258820057344e-17,2.0440862733524492e-17,-2.044086273352449e-17,0.0,2.0440862733524495e-17,0.0,0.01648008190679134,0.029673759031612103,0.003475926671642803,0.13575584251144604,-0.00037806789520555015,0.006944554301913605,0.0,-1.0220431366762241e-17,0.0,0.3962029078465308,1.0,0.0
clusterRange_mean,0.021677044142915096,-0.4228745823791206,0.001963756260953419,-0.5286745744197315,0.0030421743205251424,-0.06995926948626346,-1.0403543260291152e-17,0.0675592789250853,1.6060418616066351e-18,5.371483299308381e-17,-1.0240514662265285e-17,-4.065637462018727e-18,-2.1002186859896155e-18,3.4115748653318942e-18,8.580495491955125e-18,7.325537621385005e-18,-0.00944441676904043,0.013395947270626214,0.12792042981336627,-2.7318833592630958e-18,-1.1158912698432747e-18,8.716777997152401e-34,0.0,1.0
