,world_area,aspect_ratio,N,nrofHostGroups,speed_mean,wait_mean,mm_WDM,mm_RWP,mm_MapRoute,mm_Cluster,mm_Bus,mm_Linear,transmitRange,bufferSize,transmitSpeed,msgTtl,event_interval_mean,event_size_mean,nrof_event_generators,pattern_burst,pattern_hub_target,workDayLength,ownCarProb,clusterRange_mean
world_area,1.0,0.19086833268268558,-0.13267222968387934,0.030853855375332626,0.2032787279287794,-0.09951977218496903,0.27362133287745083,-0.25288498021317896,0.09069570837051359,-0.0618052180820338,0.29327839866105293,-0.16218859214664097,0.19157750474325608,-0.06160693740513786,-0.11150919662922715,0.21080413956050037,-0.11486577536077615,-0.027704027441644404,-0.1449071019426662,-0.14473930218276518,-0.0767414799167409,0.07224847136296621,0.0378824659445983,0.020909700865389607
aspect_ratio,0.19086833268268558,1.0,0.005414953150592714,0.057125725190231666,0.42567226838906175,-0.14994237285372994,0.38921109010724286,-0.3628410011473738,0.1586336619357421,-0.37476916965769175,0.4089392189768177,-0.01387898303682481,0.04942210704101242,0.06961539700324033,0.10123263581324775,0.17156311100696806,-0.09514048421362623,0.041981087018514315,-0.22734310303318586,0.012172059738296843,0.029595896891314345,0.031202362719277565,0.021915369264273656,-0.40655418922294606
N,-0.13267222968387934,0.005414953150592714,1.0,0.21755634343839322,0.3349915140646089,-0.30742214988526084,0.6008253974224731,-0.43030914032344436,-0.28834677366546735,0.16580086085672557,0.5331293240540722,0.11092685276734154,-0.17374946757948723,-0.030683158270152115,0.25238734931109796,0.18174827114035702,-0.09977506700254997,-0.04038093005641875,0.04826878523449369,0.04586894091208345,-0.0502635699815047,0.017775798951895187,-0.003139783946227868,0.001766855122106369
nrofHostGroups,0.030853855375332626,0.057125725190231666,0.21755634343839322,1.0,0.06685590956926787,-0.02450745686935846,0.15301335136785524,-0.3940451388348602,-0.06788726743115611,0.64988380573138,0.1585504980514981,-0.05432322874417726,-0.07702905989687739,0.018950046515971417,0.1085993764859589,0.1665207450832904,-0.0539799709601268,-0.05775996407244074,-0.047279715165604544,-0.07738747229179668,-0.017197216064843708,3.418111177818053e-17,1.1055603229078557e-17,-0.5258985445726755
speed_mean,0.2032787279287794,0.42567226838906175,0.3349915140646089,0.06685590956926787,1.0,-0.4104151471187652,0.7524349592308481,-0.727281188234128,0.21445670995048954,-0.2226625897084404,0.7805114565879874,-0.0170186043880592,-0.11317386686449678,-0.01001026687366044,0.0697491061310467,0.2844782365083444,-0.20344173005974064,-0.0517035165729703,-0.1868570573856739,-0.11816349176624494,-0.11051890357434366,0.00848398569770286,0.0032924821393382517,0.002640216053252501
wait_mean,-0.09951977218496903,-0.14994237285372994,-0.30742214988526084,-0.02450745686935846,-0.4104151471187652,1.0,-0.3248488419195447,0.34538381677671737,-0.10076363574398733,0.016122842417626095,-0.3366482776344292,-0.0690150760200431,0.04872050566329017,0.004576930147920481,-0.01380158036089456,-0.06414489854218872,0.15872167811968316,-0.014078160369477085,-0.06584039713833251,-0.03594959914205496,-0.04615519010253379,-0.0004404630940671003,-0.00017093579856531396,-0.06829557238885281
mm_WDM,0.27362133287745083,0.38921109010724286,0.6008253974224731,0.15301335136785524,0.7524349592308481,-0.3248488419195447,1.0,-0.7257459849134442,-0.15026219904247834,-0.18688625039910048,0.9650764472411533,-0.07347966489945945,-0.09759384402290111,-0.004272643389728289,0.14689564624477194,0.26305193175992786,-0.1834224976803324,-0.0403390811806371,-0.16928560745943824,-0.10467723776501288,-0.10467723776501284,2.221888978657372e-16,6.765495903135761e-17,1.1954479674129228e-17
mm_RWP,-0.25288498021317896,-0.3628410011473738,-0.43030914032344436,-0.3940451388348602,-0.727281188234128,0.34538381677671737,-0.7257459849134442,1.0,-0.2927190299792903,-0.1568734059335954,-0.7520088040570473,-0.14314242949747216,0.13659251645083242,0.0007638000357572672,-0.12423566435902775,-0.36245730218032257,0.19590960706269742,0.0702594604991171,0.12065036930263195,0.14423398811844212,0.14423398811844218,-1.5528850819812423e-16,-3.697909902485199e-17,0.05906581515469932
mm_MapRoute,0.09069570837051359,0.1586336619357421,-0.28834677366546735,-0.06788726743115611,0.21445670995048954,-0.10076363574398733,-0.15026219904247834,-0.2927190299792903,1.0,-0.07537783614444092,-0.15569978883230456,-0.029636948298292474,-0.03650176893176299,-0.0221646202809748,-0.10664677937934719,0.10609814990313451,-0.031036130709139218,-0.01902743124644401,-0.0682788741998919,-0.0422200330920749,-0.0422200330920749,-3.2362349477537933e-17,5.451448720840225e-18,0.0
mm_Cluster,-0.0618052180820338,-0.37476916965769175,0.16580086085672557,0.64988380573138,-0.2226625897084404,0.016122842417626095,-0.18688625039910048,-0.1568734059335954,-0.07537783614444092,1.0,-0.19364916731037082,-0.0368604890387243,-0.05505775762230203,0.02382115013950664,0.07368903172939714,0.13195790781734223,-0.00791644934100917,-0.04377510168554953,0.11322770341445956,-0.05251050315105035,-0.05251050315105037,-3.9802674781328774e-17,-1.3407216768447589e-17,-9.563583739303385e-17
mm_Bus,0.29327839866105293,0.4089392189768177,0.5331293240540722,0.1585504980514981,0.7805114565879874,-0.3366482776344292,0.9650764472411533,-0.7520088040570473,-0.15569978883230456,-0.19364916731037082,1.0,-0.07613869876268804,-0.10175557142349198,-0.0017456582455366906,0.1522114094325893,0.272571082334368,-0.19011326683322277,-0.041360001608469525,-0.17541160386140592,-0.10846522890932803,-0.10846522890932805,2.0601897977728026e-16,4.8628876312883967e-17,0.0
mm_Linear,-0.16218859214664097,-0.01387898303682481,0.11092685276734154,-0.05432322874417726,-0.0170186043880592,-0.0690150760200431,-0.07347966489945945,-0.14314242949747216,-0.029636948298292474,-0.0368604890387243,-0.07613869876268804,1.0,-0.02164752929422508,0.0093659652651423,0.02897294662758026,0.051883018823190775,-0.039586313009443735,-0.03043740713257346,-0.03338902816470889,-0.020646003475383354,-0.020646003475383354,-1.570729546806401e-17,-1.5437009353783526e-18,5.977239837064614e-18
transmitRange,0.19157750474325608,0.04942210704101242,-0.17374946757948723,-0.07702905989687739,-0.11317386686449678,0.04872050566329017,-0.09759384402290111,0.13659251645083242,-0.03650176893176299,-0.05505775762230203,-0.10175557142349198,-0.02164752929422508,1.0,0.030686248183347888,-0.3599069447945187,0.062181037271261994,0.015276566600272127,-0.022132504473647417,-0.04987250760578569,-0.030838512587900335,-0.030838512587900345,0.004925425211562203,0.013048960805545642,-5.9772398370646155e-18
bufferSize,-0.06160693740513786,0.06961539700324033,-0.030683158270152115,0.018950046515971417,-0.01001026687366044,0.004576930147920481,-0.004272643389728289,0.0007638000357572672,-0.0221646202809748,0.02382115013950664,-0.0017456582455366906,0.0093659652651423,0.030686248183347888,1.0,0.07692407755091518,-0.05140625226243311,0.0471346292677667,0.031189138510255152,0.02157771298389895,0.013342512847596877,0.01334251284759687,-0.005031105444651614,0.01041323447594721,-1.4943099592661535e-18
transmitSpeed,-0.11150919662922715,0.10123263581324775,0.25238734931109796,0.1085993764859589,0.0697491061310467,-0.01380158036089456,0.14689564624477194,-0.12423566435902775,-0.10664677937934719,0.07368903172939714,0.1522114094325893,0.02897294662758026,-0.3599069447945187,0.07692407755091518,1.0,-0.10372107153170128,0.006523737237481031,0.01686985346549583,0.06674911863643904,0.04127411341679316,0.04127411341679314,3.142168277561921e-17,8.784132673169077e-18,-1.4943099592661535e-18
msgTtl,0.21080413956050037,0.17156311100696806,0.18174827114035702,0.1665207450832904,0.2844782365083444,-0.06414489854218872,0.26305193175992786,-0.36245730218032257,0.10609814990313451,0.13195790781734223,0.272571082334368,0.051883018823190775,0.062181037271261994,-0.05140625226243311,-0.10372107153170128,1.0,0.06273648161197912,0.08409829077817228,-0.03509536695605662,0.07391121209865137,-0.16511960027225997,5.599459456759895e-17,1.492762972410771e-17,2.988619918532307e-18
event_interval_mean,-0.11486577536077615,-0.09514048421362623,-0.09977506700254997,-0.0539799709601268,-0.20344173005974064,0.15872167811968316,-0.1834224976803324,0.19590960706269742,-0.031036130709139218,-0.00791644934100917,-0.19011326683322277,-0.039586313009443735,0.015276566600272127,0.0471346292677667,0.006523737237481031,0.06273648161197912,1.0,0.24352565924519767,-0.07273256945075005,-0.06039052970217042,-0.03698018605242853,0.000784574624317169,-0.00020657252151247483,-0.009372241130344152
event_size_mean,-0.027704027441644404,0.041981087018514315,-0.04038093005641875,-0.05775996407244074,-0.0517035165729703,-0.014078160369477085,-0.0403390811806371,0.0702594604991171,-0.01902743124644401,-0.04377510168554953,-0.041360001608469525,-0.03043740713257346,-0.022132504473647417,0.031189138510255152,0.01686985346549583,0.08409829077817228,0.24352565924519767,1.0,-0.058517692206363506,-0.021856591621085004,-0.04225443875280195,0.0017272241534837416,0.0017041250043669106,0.013394235312564362
nrof_event_generators,-0.1449071019426662,-0.22734310303318586,0.04826878523449369,-0.047279715165604544,-0.1868570573856739,-0.06584039713833251,-0.16928560745943824,0.12065036930263195,-0.0682788741998919,0.11322770341445956,-0.17541160386140592,-0.03338902816470889,-0.04987250760578569,0.02157771298389895,0.06674911863643904,-0.03509536695605662,-0.07273256945075005,-0.058517692206363506,1.0,0.6183469424008419,0.2853908964926962,-3.692875382718784e-17,-1.532622683352879e-17,0.12709778186044848
pattern_burst,-0.14473930218276518,0.012172059738296843,0.04586894091208345,-0.07738747229179668,-0.11816349176624494,-0.03594959914205496,-0.10467723776501288,0.14423398811844212,-0.0422200330920749,-0.05251050315105035,-0.10846522890932803,-0.020646003475383354,-0.030838512587900335,0.013342512847596877,0.04127411341679316,0.07391121209865137,-0.06039052970217042,-0.021856591621085004,0.6183469424008419,1.0,-0.029411764705882346,-2.2385263480463464e-17,-7.376567515733832e-18,-1.4943099592661535e-18
pattern_hub_target,-0.0767414799167409,0.029595896891314345,-0.0502635699815047,-0.017197216064843708,-0.11051890357434366,-0.04615519010253379,-0.10467723776501284,0.14423398811844218,-0.0422200330920749,-0.05251050315105037,-0.10846522890932805,-0.020646003475383354,-0.030838512587900345,0.01334251284759687,0.04127411341679314,-0.16511960027225997,-0.03698018605242853,-0.04225443875280195,0.2853908964926962,-0.029411764705882346,1.0,-2.2293957114935425e-17,-7.50954344924141e-18,-1.4943099592661539e-18
workDayLength,0.07224847136296621,0.031202362719277565,0.017775798951895187,3.418111177818053e-17,0.00848398569770286,-0.0004404630940671003,2.221888978657372e-16,-1.5528850819812423e-16,-3.2362349477537933e-17,-3.9802674781328774e-17,2.0601897977728026e-16,-1.570729546806401e-17,0.004925425211562203,-0.005031105444651614,3.142168277561921e-17,5.599459456759895e-17,0.000784574624317169,0.0017272241534837416,-3.692875382718784e-17,-2.2385263480463464e-17,-2.2293957114935425e-17,1.0,0.19683697993484026,-2.5985387682923033e-33
ownCarProb,0.0378824659445983,0.021915369264273656,-0.003139783946227868,1.1055603229078557e-17,0.0032924821393382517,-0.00017093579856531396,6.765495903135761e-17,-3.697909902485199e-17,5.451448720840225e-18,-1.3407216768447589e-17,4.8628876312883967e-17,-1.5437009353783526e-18,0.013048960805545642,0.01041323447594721,8.784132673169077e-18,1.492762972410771e-17,-0.00020657252151247483,0.0017041250043669106,-1.532622683352879e-17,-7.376567515733832e-18,-7.50954344924141e-18,0.19683697993484026,1.0,1.9489040762192276e-33
clusterRange_mean,0.020909700865389607,-0.40655418922294606,0.001766855122106369,-0.5258985445726755,0.002640216053252501,-0.06829557238885281,1.1954479674129228e-17,0.05906581515469932,0.0,-9.563583739303385e-17,0.0,5.977239837064614e-18,-5.9772398370646155e-18,-1.4943099592661535e-18,-1.4943099592661535e-18,2.988619918532307e-18,-0.009372241130344152,0.013394235312564362,0.12709778186044848,-1.4943099592661535e-18,-1.4943099592661539e-18,-2.5985387682923033e-33,1.9489040762192276e-33,1.0
