,world_area,aspect_ratio,N,nrofHostGroups,speed_mean,wait_mean,mm_WDM,mm_RWP,mm_MapRoute,mm_Cluster,mm_Bus,mm_Linear,transmitRange,bufferSize,transmitSpeed,msgTtl,event_interval_mean,event_size_mean,nrof_event_generators,pattern_burst,pattern_hub_target,workDayLength,ownCarProb
world_area,1.0,0.20907426074493626,-0.1408497522479045,0.025281067208784692,0.27076422082084706,-0.1261671685991881,0.3731285192098043,-0.3308336192345715,0.17427832202617433,-0.0717238644303206,0.38666541901763796,-0.16632105431579283,0.1909522861300274,-0.056861103674109924,-0.12535083171995087,0.18607280100722762,-0.14579969980974403,-0.029916017389016707,-0.07014044974332194,-0.06742803382739856,0.034635649447782545,0.03931184585861474,-0.03600756972698716
aspect_ratio,0.20907426074493626,1.0,-0.07772125406457601,0.034752392864519525,0.4222294049557116,-0.11419805232483318,0.35654494265246006,-0.3456701551185794,0.2434282292476302,-0.36315369496718675,0.3823473027956674,-0.007656511049136975,0.05671471902930823,0.03443147620152948,0.009890718773101081,0.017383434547271048,-0.07993282941486791,0.037185281382148196,0.002715725298445502,0.13784026525633286,0.19938144505111144,0.005904600176147269,-0.009112303556111341
N,-0.1408497522479045,-0.07772125406457601,1.0,0.19932500781752957,0.18209648899364764,-0.24313612409856053,0.52643697824355,-0.31704386478474955,-0.28564672300759975,0.23607340176934183,0.4305851273613737,0.14351945606917552,-0.17053541121971735,-0.09028461962728501,0.05705838858377597,-0.14480238492619887,-0.07491761496474346,-0.04167348508708893,0.14215965370353337,0.20431328581538954,0.08978995195984736,0.017450647983072658,-0.01002803998810597
nrofHostGroups,0.025281067208784692,0.034752392864519525,0.19932500781752957,1.0,0.013353525257849854,-0.005857811660819989,0.11434933199183077,-0.3959631494708459,-0.05820006026619359,0.6714411133342169,0.12173415991649575,-0.04961345767533527,-0.07233376050389623,0.012251400166884092,0.025676520876342764,0.15836572514885525,-0.06091971760998828,-0.05234331194053622,-0.015417178325115247,-0.038116443997276914,0.016414630774555967,-4.7998529311518086e-18,-5.110215683381121e-18
speed_mean,0.27076422082084706,0.4222294049557116,0.18209648899364764,0.013353525257849854,1.0,-0.3583798156327917,0.649049871555539,-0.6318089680742469,0.30169792990151123,-0.19456662060557733,0.6909663526794174,0.005729322715426915,-0.09968578054227799,-0.064543435611063,-0.007411267234544726,0.03775047973112764,-0.17715667841101354,-0.054963881029842274,0.13686717050997224,0.1579751177768579,0.2242184114725154,-4.230968120577381e-17,-2.0440862733524492e-17
wait_mean,-0.1261671685991881,-0.11419805232483318,-0.24313612409856053,-0.005857811660819989,-0.3583798156327917,1.0,-0.23641600207341076,0.2695792029051305,-0.12066134616025852,-0.012604521001281068,-0.25168405360933205,-0.07789292072807404,0.03187728804939655,0.03042919972095622,-0.002690828310265896,-0.05941221708228324,0.1456540974540791,-0.0331648719507261,0.010612600687788193,0.08249743411763526,-0.21105344884596078,1.2797803821180086e-17,0.0
mm_WDM,0.3731285192098043,0.35654494265246006,0.52643697824355,0.11434933199183077,0.649049871555539,-0.23641600207341076,1.0,-0.6170939584539548,-0.1122721782847679,-0.1400280084028009,0.939336436627724,-0.05469028176232291,-0.07907274089391478,-0.06052177283676483,0.022760416074480122,-0.13049297402157364,-0.13781514318486243,-0.04393173814358829,0.23226200114240264,0.34640522875816987,0.28347736504678855,-4.7425243460000064e-17,6.132258820057344e-17
mm_RWP,-0.3308336192345715,-0.3456701551185794,-0.31704386478474955,-0.3959631494708459,-0.6318089680742469,0.2695792029051305,-0.6170939584539548,1.0,-0.39260073655797534,-0.25080102736500653,-0.6569466853317862,-0.1912445739494861,0.12511146822179578,0.034938413591154766,0.014034083491962609,-0.17202466430560032,0.17913495084375441,0.06919037679900306,-0.16379065117776073,-0.11539155320683704,-0.1404359449671427,2.5131070681868634e-17,2.0440862733524492e-17
mm_MapRoute,0.17427832202617433,0.2434282292476302,-0.28564672300759975,-0.05820006026619359,0.30169792990151123,-0.12066134616025852,-0.1122721782847679,-0.39260073655797534,1.0,-0.0890870806374748,-0.11952286093343942,-0.03479445003196105,-0.04336193566354445,-0.01586193203103072,-0.08759444062970279,0.20303904409950715,-0.061418170521402256,-0.015321653534514562,-0.14055902285436914,-0.11227217828476793,-0.12662932291827408,2.0629655032287842e-18,-2.044086273352449e-17
mm_Cluster,-0.0717238644303206,-0.36315369496718675,0.23607340176934183,0.6714411133342169,-0.19456662060557733,-0.012604521001281068,-0.1400280084028009,-0.25080102736500653,-0.0890870806374748,1.0,-0.14907119849998596,-0.04339630366027463,-0.06382631051447925,0.031049127674205524,0.023981589206521374,0.25323417971948026,-0.04537041489138068,-0.039317501398173686,-0.04045566970313675,-0.14002800840280089,-0.15793451382644763,5.700883072957609e-18,0.0
mm_Bus,0.38666541901763796,0.3823473027956674,0.4305851273613737,0.12173415991649575,0.6909663526794174,-0.25168405360933205,0.939336436627724,-0.6569466853317862,-0.11952286093343942,-0.14907119849998596,1.0,-0.05822225097395818,-0.084324622942794,-0.05382163495628128,0.025024749714653304,-0.09105341092207749,-0.14745786357630536,-0.04598676847796376,0.30756953360707456,0.3131121455425746,0.3659942110514744,-3.8287449649600033e-17,2.0440862733524495e-17
mm_Linear,-0.16632105431579283,-0.007656511049136975,0.14351945606917552,-0.04961345767533527,0.005729322715426915,-0.07789292072807404,-0.05469028176232291,-0.1912445739494861,-0.03479445003196105,-0.04339630366027463,-0.05822225097395818,1.0,-0.024928433573411884,0.01212675635642814,0.009366410947159494,0.09890484624240409,-0.05459780619654549,-0.028558256861240014,-0.06846943456146663,-0.054690281762322907,-0.061683967084053284,5.0250890544807004e-18,0.0
transmitRange,0.1909522861300274,0.05671471902930823,-0.17053541121971735,-0.07233376050389623,-0.09968578054227799,0.03187728804939655,-0.07907274089391478,0.12511146822179578,-0.04336193566354445,-0.06382631051447925,-0.084324622942794,-0.024928433573411884,1.0,0.023407927582687168,-0.20055493107068642,0.1288562290360483,-0.003944995251404641,-0.0213989781074186,-0.09715533600781281,-0.07634374207100149,-0.09324174136304433,0.012217927983082688,0.015567033728865542
bufferSize,-0.056861103674109924,0.03443147620152948,-0.09028461962728501,0.012251400166884092,-0.064543435611063,0.03042919972095622,-0.06052177283676483,0.034938413591154766,-0.01586193203103072,0.031049127674205524,-0.05382163495628128,0.01212675635642814,0.023407927582687168,1.0,-0.15763827294068888,0.029175914841490517,0.04126981963612399,0.01792822328489302,0.387070458738886,0.4291941721558047,0.34399454594064993,-0.005883258195623093,0.0324824150657435
transmitSpeed,-0.12535083171995087,0.009890718773101081,0.05705838858377597,0.025676520876342764,-0.007411267234544726,-0.002690828310265896,0.022760416074480122,0.014034083491962609,-0.08759444062970279,0.023981589206521374,0.025024749714653304,0.009366410947159494,-0.20055493107068642,-0.15763827294068888,1.0,-0.24633109490694105,-0.006165864211345469,-0.010378906870917515,-0.026841957969104373,-0.04440146742398587,-0.04510592752794523,0.01092245207802411,0.002432455069117436
msgTtl,0.18607280100722762,0.017383434547271048,-0.14480238492619887,0.15836572514885525,0.03775047973112764,-0.05941221708228324,-0.13049297402157364,-0.17202466430560032,0.20303904409950715,0.25323417971948026,-0.09105341092207749,0.09890484624240409,0.1288562290360483,0.029175914841490517,-0.24633109490694105,1.0,0.14184843756756144,0.12949002743114715,-0.14517098371616893,-0.19675451344107003,-0.13265606831823962,0.13505612955422958,0.14656205992793198
event_interval_mean,-0.14579969980974403,-0.07993282941486791,-0.07491761496474346,-0.06091971760998828,-0.17715667841101354,0.1456540974540791,-0.13781514318486243,0.17913495084375441,-0.061418170521402256,-0.04537041489138068,-0.14745786357630536,-0.05459780619654549,-0.003944995251404641,0.04126981963612399,-0.006165864211345469,0.14184843756756144,1.0,0.23308619979310574,-0.14071935402348762,-0.10410743110220048,-0.09143940266170424,0.006855083011303292,0.001989092823856262
event_size_mean,-0.029916017389016707,0.037185281382148196,-0.04167348508708893,-0.05234331194053622,-0.054963881029842274,-0.0331648719507261,-0.04393173814358829,0.06919037679900306,-0.015321653534514562,-0.039317501398173686,-0.04598676847796376,-0.028558256861240014,-0.0213989781074186,0.01792822328489302,-0.010378906870917515,0.12949002743114715,0.23308619979310574,1.0,-0.0687585729680715,-0.04275870223770602,-0.06610348577695044,-0.0075268251455792865,0.0023947993720605147
nrof_event_generators,-0.07014044974332194,0.002715725298445502,0.14215965370353337,-0.015417178325115247,0.13686717050997224,0.010612600687788193,0.23226200114240264,-0.16379065117776073,-0.14055902285436914,-0.04045566970313675,0.30756953360707456,-0.06846943456146663,-0.09715533600781281,0.387070458738886,-0.026841957969104373,-0.14517098371616893,-0.14071935402348762,-0.0687585729680715,1.0,0.7987546868555799,0.5872390307159289,0.03901891266086944,-0.1477232191692421
pattern_burst,-0.06742803382739856,0.13784026525633286,0.20431328581538954,-0.038116443997276914,0.1579751177768579,0.08249743411763526,0.34640522875816987,-0.11539155320683704,-0.11227217828476793,-0.14002800840280089,0.3131121455425746,-0.054690281762322907,-0.07634374207100149,0.4291941721558047,-0.04440146742398587,-0.19675451344107003,-0.10410743110220048,-0.04275870223770602,0.7987546868555799,1.0,0.5247346970015023,0.04501833463671264,-0.17043666418830453
pattern_hub_target,0.034635649447782545,0.19938144505111144,0.08978995195984736,0.016414630774555967,0.2242184114725154,-0.21105344884596078,0.28347736504678855,-0.1404359449671427,-0.12662932291827408,-0.15793451382644763,0.3659942110514744,-0.061683967084053284,-0.09324174136304433,0.34399454594064993,-0.04510592752794523,-0.13265606831823962,-0.09143940266170424,-0.06610348577695044,0.5872390307159289,0.5247346970015023,1.0,0.04154333763587898,-0.1572805378751944
workDayLength,0.03931184585861474,0.005904600176147269,0.017450647983072658,-4.7998529311518086e-18,-4.230968120577381e-17,1.2797803821180086e-17,-4.7425243460000064e-17,2.5131070681868634e-17,2.0629655032287842e-18,5.700883072957609e-18,-3.8287449649600033e-17,5.0250890544807004e-18,0.012217927983082688,-0.005883258195623093,0.01092245207802411,0.13505612955422958,0.006855083011303292,-0.0075268251455792865,0.03901891266086944,0.04501833463671264,0.04154333763587898,1.0,0.3962029078465308
ownCarProb,-0.03600756972698716,-0.009112303556111341,-0.01002803998810597,-5.110215683381121e-18,-2.0440862733524492e-17,0.0,6.132258820057344e-17,2.0440862733524492e-17,-2.044086273352449e-17,0.0,2.0440862733524495e-17,0.0,0.015567033728865542,0.0324824150657435,0.002432455069117436,0.14656205992793198,0.001989092823856262,0.0023947993720605147,-0.1477232191692421,-0.17043666418830453,-0.1572805378751944,0.3962029078465308,1.0
