,world_area,aspect_ratio,N,nrofHostGroups,speed_mean,wait_mean,mm_WDM,mm_RWP,mm_MapRoute,mm_Cluster,mm_Bus,mm_Linear,transmitRange,bufferSize,transmitSpeed,msgTtl,event_interval_mean,event_size_mean,nrof_event_generators,pattern_burst,pattern_hub_target,workDayLength,ownCarProb,clusterRange_mean
world_area,1.0,0.13832685732193029,-0.1930808652568174,0.01898967465907888,0.14117453532178872,-0.06996599005178085,0.2614486853941519,-0.21156917235051795,0.09095468364848201,-0.04454445885761344,0.27680852301923603,-0.16051885780683603,0.2122100620520055,-0.061107703366799784,-0.13190419433827202,0.16963413216666715,-0.10101597456737889,-0.028134081641192854,-0.1330745339365664,-0.13925862660915525,-0.06859200799273504,0.07941546865591255,0.015565546703662163,0.021677044142915085
aspect_ratio,0.13832685732193029,1.0,-0.09346939412557308,0.034033560918418505,0.35592201583548855,-0.10155887765811293,0.3180676748956961,-0.2867133193612924,0.1850784916267219,-0.3600008607119399,0.3410360794725055,-0.001606166585354735,0.06761960834473163,0.06398051595449628,0.05544716462006197,0.0415644392294525,-0.0676716324178492,0.045909625820545454,-0.20824590993584127,0.031016800897340734,0.049184670727983194,0.02304456632890893,0.013929302233459766,-0.4228745823791206
N,-0.1930808652568174,-0.09346939412557308,1.0,0.20041137839264175,0.19365161443900536,-0.2579417255071763,0.5251697617884853,-0.31678524111150896,-0.28022041017095917,0.23798216934638666,0.4253332961620924,0.14384399576968648,-0.16377257394978897,-0.06026267312965531,0.21573641270340155,-0.09091796917943469,-0.06074264791665286,-0.041775283049256096,0.10125475504132389,0.08021237592544245,-0.026896137921587526,0.015453122931576082,-0.014626144797467513,0.0019637562609534386
nrofHostGroups,0.01898967465907888,0.034033560918418505,0.20041137839264175,1.0,0.018947277740781917,-0.0023919568818854126,0.11434933199183077,-0.3959631494708459,-0.05820006026619359,0.6714411133342169,0.12173415991649575,-0.04961345767533527,-0.07177299519083472,0.013812025590396031,0.08965505920230346,0.1564276880436819,-0.04191478792852538,-0.05684211330064002,-0.03611218770402313,-0.07076630207400121,-0.010109471724857315,0.0,-5.110215683381121e-18,-0.5286745744197315
speed_mean,0.14117453532178872,0.35592201583548855,0.19365161443900536,0.018947277740781917,1.0,-0.3579720237110413,0.6547257610817813,-0.6428428064521589,0.3057952769174758,-0.18696066529405667,0.6970087985006599,0.008342686473088496,-0.09830319010903929,-0.04095780291953967,0.01713574274147707,0.06936281653244786,-0.16566803959217444,-0.052977072289664216,-0.15190748224447367,-0.09658451185330566,-0.08775440846227647,5.110215683381123e-18,1.0220431366762246e-17,0.0030421743205251424
wait_mean,-0.06996599005178085,-0.10155887765811293,-0.2579417255071763,-0.0023919568818854126,-0.3579720237110413,1.0,-0.24784415313643135,0.28138759086189385,-0.1261735957844063,-0.011329023055961394,-0.26385024946568375,-0.0817080128533122,0.03907993137286644,0.008070472365594595,0.04509136823178063,-0.09851606490247213,0.13628434613106608,-0.017069039759803836,-0.09318532696461064,-0.05250051435139182,-0.06298043367334641,-5.110215683381122e-18,2.0440862733524492e-17,-0.06995926948626346
mm_WDM,0.2614486853941519,0.3180676748956961,0.5251697617884853,0.11434933199183077,0.6547257610817813,-0.24784415313643135,1.0,-0.6170939584539548,-0.1122721782847679,-0.1400280084028009,0.939336436627724,-0.05469028176232291,-0.08048379888987318,-0.05240057677053779,0.09090766947842226,-0.1084963403017712,-0.1369793899577073,-0.04351251222307835,-0.12666009927622465,-0.07800764512385154,-0.07800764512385155,1.022043136676224e-17,6.132258820057344e-17,-1.0403543260291152e-17
mm_RWP,-0.21156917235051795,-0.2867133193612924,-0.31678524111150896,-0.3959631494708459,-0.6428428064521589,0.28138759086189385,-0.6170939584539548,1.0,-0.39260073655797534,-0.25080102736500653,-0.6569466853317862,-0.1912445739494861,0.1250628933013774,0.02945567036111725,-0.07455601146480699,-0.17939507001548405,0.15690291051762287,0.0737341273255112,0.07561935498230758,0.1264112928917488,0.12641129289174882,-1.0220431366762244e-17,2.0440862733524492e-17,0.0675592789250853
mm_MapRoute,0.09095468364848201,0.1850784916267219,-0.28022041017095917,-0.05820006026619359,0.3057952769174758,-0.1261735957844063,-0.1122721782847679,-0.39260073655797534,1.0,-0.0890870806374748,-0.11952286093343942,-0.03479445003196105,-0.04251105147585051,-0.01678993416895632,-0.08802647654829807,0.1959419239377894,-0.04397038927989856,-0.020334528320013538,-0.08058229640253806,-0.049629166698546515,-0.049629166698546515,-2.555107841690561e-18,-2.044086273352449e-17,1.6060418616066351e-18
mm_Cluster,-0.04454445885761344,-0.3600008607119399,0.23798216934638666,0.6714411133342169,-0.18696066529405667,-0.011329023055961394,-0.1400280084028009,-0.25080102736500653,-0.0890870806374748,1.0,-0.14907119849998596,-0.04339630366027463,-0.06277898860206474,0.030656057653589253,0.08059603922638739,0.24438251569350902,-0.023675725288030663,-0.04563321128014143,0.10050378152592121,-0.06189844605901726,-0.06189844605901726,0.0,0.0,5.371483299308381e-17
mm_Bus,0.27680852301923603,0.3410360794725055,0.4253332961620924,0.12173415991649575,0.6970087985006599,-0.26385024946568375,0.939336436627724,-0.6569466853317862,-0.11952286093343942,-0.14907119849998596,1.0,-0.05822225097395818,-0.0855360773169595,-0.046093264751957255,0.09791383738183845,-0.07116550194375323,-0.14594917278573827,-0.04405452466696119,-0.13483997249264842,-0.08304547985373997,-0.08304547985373995,2.0440862733524492e-17,2.0440862733524495e-17,-1.0240514662265285e-17
mm_Linear,-0.16051885780683603,-0.001606166585354735,0.14384399576968648,-0.04961345767533527,0.008342686473088496,-0.0817080128533122,-0.05469028176232291,-0.1912445739494861,-0.03479445003196105,-0.04339630366027463,-0.05822225097395818,1.0,-0.02451938447574109,0.011973236282658414,0.03147813172875343,0.09544768074267614,-0.04604604009985025,-0.031066485274688423,-0.03925343359894298,-0.024175473851486183,-0.02417547385148619,0.0,0.0,-4.065637462018727e-18
transmitRange,0.2122100620520055,0.06761960834473163,-0.16377257394978897,-0.07177299519083472,-0.09830319010903929,0.03907993137286644,-0.08048379888987318,0.1250628933013774,-0.04251105147585051,-0.06277898860206474,-0.0855360773169595,-0.02451938447574109,1.0,0.03324136635530739,-0.32421068489996324,0.1343630551532954,0.008330467062965826,-0.022075788814250413,-0.05502037225628702,-0.032255164699888886,-0.03497329655662109,0.015294222135001168,0.01648008190679134,4.363749671689668e-18
bufferSize,-0.061107703366799784,0.06398051595449628,-0.06026267312965531,0.013812025590396031,-0.04095780291953967,0.008070472365594595,-0.05240057677053779,0.02945567036111725,-0.01678993416895632,0.030656057653589253,-0.046093264751957255,0.011973236282658414,0.03324136635530739,1.0,0.05871775950276157,0.09880464665311017,0.053360338016913506,0.03046011766608097,0.027729447487761415,0.017078060979475368,0.01707806097947537,-0.018412812518827208,0.029673759031612103,3.4115748653318942e-18
transmitSpeed,-0.13190419433827202,0.05544716462006197,0.21573641270340155,0.08965505920230346,0.01713574274147707,0.04509136823178063,0.09090766947842226,-0.07455601146480699,-0.08802647654829807,0.08059603922638739,0.09791383738183845,0.03147813172875343,-0.32421068489996324,0.05871775950276157,1.0,-0.13695699543566647,0.019457364598364304,0.014088061880414808,0.07290186046437075,0.04489892627962482,0.044898926279624836,0.015607952220683485,0.003475926671642803,8.580495491955125e-18
msgTtl,0.16963413216666715,0.0415644392294525,-0.09091796917943469,0.1564276880436819,0.06936281653244786,-0.09851606490247213,-0.1084963403017712,-0.17939507001548405,0.1959419239377894,0.24438251569350902,-0.07116550194375323,0.09544768074267614,0.1343630551532954,0.09880464665311017,-0.13695699543566647,1.0,0.1604476734265434,0.11542409928749418,-0.062146886174392096,-0.07978625477261479,-0.08397262047951969,0.14152429004844472,0.135755842511446,-5.602399093973561e-18
event_interval_mean,-0.10101597456737889,-0.0676716324178492,-0.06074264791665286,-0.04191478792852538,-0.16566803959217444,0.13628434613106608,-0.1369793899577073,0.15690291051762287,-0.04397038927989856,-0.023675725288030663,-0.14594917278573827,-0.04604604009985025,0.008330467062965826,0.053360338016913506,0.019457364598364304,0.1604476734265434,1.0,0.24378986143734097,-0.08790968807362068,-0.06971548162117283,-0.04606682128084118,0.0010784995159957259,-0.00037806789520554,-0.009444416769040426
event_size_mean,-0.028134081641192854,0.045909625820545454,-0.041775283049256096,-0.05684211330064002,-0.052977072289664216,-0.017069039759803836,-0.04351251222307835,0.0737341273255112,-0.020334528320013538,-0.04563321128014143,-0.04405452466696119,-0.031066485274688423,-0.022075788814250413,0.03046011766608097,0.014088061880414808,0.11542409928749418,0.24378986143734097,1.0,-0.06026658437294544,-0.0227523635694549,-0.043203003507345954,-0.002858098058043298,0.006944554301913613,0.013395947270626218
nrof_event_generators,-0.1330745339365664,-0.20824590993584127,0.10125475504132389,-0.03611218770402313,-0.15190748224447367,-0.09318532696461064,-0.12666009927622465,0.07561935498230758,-0.08058229640253806,0.10050378152592121,-0.13483997249264842,-0.03925343359894298,-0.05502037225628702,0.027729447487761415,0.07290186046437075,-0.062146886174392096,-0.08790968807362068,-0.06026658437294544,1.0,0.6158817620514397,0.27994625547792734,-3.832661762535841e-18,0.0,0.12792042981336627
pattern_burst,-0.13925862660915525,0.031016800897340734,0.08021237592544245,-0.07076630207400121,-0.09658451185330566,-0.05250051435139182,-0.07800764512385154,0.1264112928917488,-0.049629166698546515,-0.06189844605901726,-0.08304547985373997,-0.024175473851486183,-0.032255164699888886,0.017078060979475368,0.04489892627962482,-0.07978625477261479,-0.06971548162117283,-0.0227523635694549,0.6158817620514397,1.0,-0.03448275862068966,-5.110215683381121e-18,-1.0220431366762241e-17,-2.7318833592630958e-18
pattern_hub_target,-0.06859200799273504,0.049184670727983194,-0.026896137921587526,-0.010109471724857315,-0.08775440846227647,-0.06298043367334641,-0.07800764512385155,0.12641129289174882,-0.049629166698546515,-0.06189844605901726,-0.08304547985373995,-0.02417547385148619,-0.03497329655662109,0.01707806097947537,0.044898926279624836,-0.08397262047951969,-0.04606682128084118,-0.043203003507345954,0.27994625547792734,-0.03448275862068966,1.0,0.0,0.0,-1.1158912698432747e-18
workDayLength,0.07941546865591255,0.02304456632890893,0.015453122931576082,0.0,5.110215683381123e-18,-5.110215683381122e-18,1.022043136676224e-17,-1.0220431366762244e-17,-2.555107841690561e-18,0.0,2.0440862733524492e-17,0.0,0.015294222135001168,-0.018412812518827208,0.015607952220683485,0.14152429004844472,0.0010784995159957259,-0.002858098058043298,-3.832661762535841e-18,-5.110215683381121e-18,0.0,1.0,0.3962029078465308,0.0
ownCarProb,0.015565546703662163,0.013929302233459766,-0.014626144797467513,-5.110215683381121e-18,1.0220431366762246e-17,2.0440862733524492e-17,6.132258820057344e-17,2.0440862733524492e-17,-2.044086273352449e-17,0.0,2.0440862733524495e-17,0.0,0.01648008190679134,0.029673759031612103,0.003475926671642803,0.135755842511446,-0.00037806789520554,0.006944554301913613,0.0,-1.0220431366762241e-17,0.0,0.3962029078465308,1.0,0.0
clusterRange_mean,0.021677044142915085,-0.4228745823791206,0.0019637562609534386,-0.5286745744197315,0.0030421743205251424,-0.06995926948626346,-1.0403543260291152e-17,0.0675592789250853,1.6060418616066351e-18,5.371483299308381e-17,-1.0240514662265285e-17,-4.065637462018727e-18,4.363749671689668e-18,3.4115748653318942e-18,8.580495491955125e-18,-5.602399093973561e-18,-0.009444416769040426,0.013395947270626218,0.12792042981336627,-2.7318833592630958e-18,-1.1158912698432747e-18,0.0,0.0,1.0
